CTD/1-1.cnv
* Sea-Bird SBE 9 Data File:
* FileName = D:\ctddata\cr2381\1-1.hex
* Software Version Seasave V 7.20g
* Temperature SN = 6284
* Conductivity SN = 4751
* Number of Bytes Per Scan = 34
* Number of Voltage Words = 5
* Number of Scans Averaged by the Deck Unit = 1
* NMEA Latitude = 25 11.29 N
* NMEA Longitude = 121 47.66 E
* NMEA UTC (Time) = Oct 07 2019  02:12:29
** Ship:
** Station:
** Operator:
# nquan = 8
# nvalues = 4311                                  
# units = specified
# name 0 = depSM: Depth [salt water, m]
# name 1 = longitude: Longitude [deg]
# name 2 = latitude: Latitude [deg]
# name 3 = t090C: Temperature [ITS-90, deg C]
# name 4 = sal00: Salinity, Practical [PSU]
# name 5 = sigma-é00: Density [sigma-theta, kg/m^3]
# name 6 = sbeox0Mg/L: Oxygen, SBE 43 [mg/l]
# name 7 = flag:  0.000e+00
# span 0 =      0.603,     46.477                 
# span 1 =  121.79362,  121.79448                 
# span 2 =   25.18824,   25.18834                 
# span 3 =    22.8787,    25.5100                 
# span 4 =    33.6139,    34.0069                 
# span 5 =    22.2139,    23.2144                 
# span 6 =     6.3481,     6.6965                 
# span 7 = 0.0000e+00, 0.0000e+00                 
# interval = seconds: 0.0416667
# start_time = Oct 07 2019 02:12:29 [NMEA time, header]
# bad_flag = -9.990e-29
*END*
[from data line 540]
      8.412  121.79438   25.18826    25.0701    33.7514    22.3773     6.6335  0.000e+00
      8.333  121.79438   25.18826    25.0692    33.7515    22.3777     6.6340  0.000e+00
      8.441  121.79438   25.18826    25.0686    33.7515    22.3778     6.6343  0.000e+00
      8.441  121.79438   25.18826    25.0683    33.7517    22.3781     6.6344  0.000e+00
      8.521  121.79438   25.18826    25.0681    33.7513    22.3778     6.6347  0.000e+00
      8.441  121.79438   25.18826    25.0679    33.7516    22.3781     6.6345  0.000e+00
      8.550  121.79438   25.18826    25.0676    33.7516    22.3782     6.6347  0.000e+00
      8.601  121.79436   25.18826    25.0676    33.7516    22.3782     6.6348  0.000e+00
      8.572  121.79436   25.18826    25.0666    33.7518    22.3786     6.6349  0.000e+00
      8.659  121.79436   25.18826    25.0661    33.7517    22.3787     6.6386  0.000e+00
      8.659  121.79436   25.18826    25.0650    33.7525    22.3796     6.6349  0.000e+00
      8.732  121.79436   25.18826    25.0643    33.7521    22.3795     6.6347  0.000e+00
      8.761  121.79436   25.18826    25.0630    33.7529    22.3806     6.6346  0.000e+00
      8.819  121.79436   25.18826    25.0618    33.7534    22.3813     6.6344  0.000e+00
      8.819  121.79436   25.18826    25.0615    33.7535    22.3815     6.6341  0.000e+00
      8.898  121.79436   25.18826    25.0615    33.7532    22.3813     6.6340  0.000e+00
      8.927  121.79436   25.18826    25.0606    33.7538    22.3820     6.6339  0.000e+00
      8.978  121.79436   25.18826    25.0593    33.7545    22.3829     6.6299  0.000e+00
      9.029  121.79436   25.18826    25.0584    33.7553    22.3838     6.6334  0.000e+00
      9.109  121.79436   25.18826    25.0576    33.7557    22.3844     6.6295  0.000e+00
      9.029  121.79436   25.18826    25.0570    33.7561    22.3848     6.6290  0.000e+00
      9.138  121.79436   25.18826    25.0565    33.7562    22.3851     6.6289  0.000e+00
      9.196  121.79436   25.18826    25.0563    33.7566    22.3854     6.6287  0.000e+00
      9.217  121.79436   25.18826    25.0564    33.7563    22.3852     6.6247  0.000e+00
      9.297  121.79436   25.18826    25.0563    33.7565    22.3853     6.6243  0.000e+00
      9.355  121.79436   25.18826    25.0561    33.7567    22.3856     6.6239  0.000e+00
      9.297  121.79436   25.18826    25.0563    33.7563    22.3852     6.6273  0.000e+00
      9.377  121.79436   25.18826    25.0561    33.7571    22.3859     6.6233  0.000e+00
      9.464  121.79436   25.18826    25.0558    33.7566    22.3856     6.6230  0.000e+00
      9.515  121.79436   25.18826    25.0538    33.7568    22.3864     6.6228  0.000e+00
      9.515  121.79436   25.18826    25.0511    33.7576    22.3878     6.6229  0.000e+00
      9.595  121.79436   25.18826    25.0484    33.7587    22.3894     6.6229  0.000e+00
      9.674  121.79436   25.18826    25.0462    33.7593    22.3906     6.6228  0.000e+00
      9.624  121.79436   25.18826    25.0442    33.7602    22.3919     6.6226  0.000e+00
      9.674  121.79436   25.18826    25.0429    33.7602    22.3922     6.6224  0.000e+00
      9.754  121.79436   25.18826    25.0420    33.7605    22.3927     6.6222  0.000e+00
      9.834  121.79436   25.18826    25.0413    33.7610    22.3933     6.6182  0.000e+00
      9.783  121.79436   25.18826    25.0413    33.7608    22.3931     6.6176  0.000e+00
      9.892  121.79436   25.18826    25.0408    33.7605    22.3931     6.6173  0.000e+00
      9.863  121.79436   25.18826    25.0408    33.7606    22.3932     6.6129  0.000e+00
      9.943  121.79436   25.18826    25.0404    33.7608    22.3935     6.6123  0.000e+00
      9.943  121.79436   25.18826    25.0404    33.7607    22.3933     6.6119  0.000e+00
     10.001  121.79436   25.18826    25.0404    33.7606    22.3933     6.6113  0.000e+00
     10.022  121.79436   25.18826    25.0404    33.7608    22.3935     6.6069  0.000e+00
     10.051  121.79436   25.18826    25.0397    33.7615    22.3942     6.6064  0.000e+00
     10.102  121.79436   25.18826    25.0401    33.7609    22.3937     6.6059  0.000e+00
     10.160  121.79436   25.18826    25.0399    33.7610    22.3938     6.6017  0.000e+00
     10.131  121.79436   25.18826    25.0399    33.7610    22.3938     6.6011  0.000e+00
     10.160  121.79436   25.18826    25.0392    33.7611    22.3940     6.6006  0.000e+00
     10.211  121.79436   25.18826    25.0388    33.7604    22.3937     6.6002  0.000e+00
     10.211  121.79436   25.18826    25.0383    33.7608    22.3941     6.5997  0.000e+00
     10.240  121.79436   25.18826    25.0377    33.7611    22.3945     6.5994  0.000e+00
     10.269  121.79436   25.18826    25.0370    33.7596    22.3936     6.5992  0.000e+00
     10.269  121.79436   25.18826    25.0365    33.7596    22.3937     6.5990  0.000e+00
     10.320  121.79436   25.18826    25.0363    33.7612    22.3950     6.5987  0.000e+00
     10.349  121.79436   25.18826    25.0359    33.7617    22.3955     6.5986  0.000e+00
     10.320  121.79436   25.18826    25.0357    33.7616    22.3955     6.6022  0.000e+00
     10.370  121.79436   25.18826    25.0354    33.7618    22.3957     6.6024  0.000e+00
     10.370  121.79436   25.18826    25.0357    33.7615    22.3954     6.6028  0.000e+00
     10.428  121.79436   25.18826    25.0350    33.7616    22.3957     6.6032  0.000e+00
     10.457  121.79436   25.18826    25.0334    33.7616    22.3962     6.6074  0.000e+00
     10.370  121.79436   25.18826    25.0324    33.7618    22.3967     6.6118  0.000e+00
     10.479  121.79436   25.18826    25.0313    33.7616    22.3969     6.6090  0.000e+00
     10.428  121.79436   25.18826    25.0306    33.7614    22.3969     6.6097  0.000e+00
     10.508  121.79436   25.18826    25.0297    33.7621    22.3977     6.6142  0.000e+00
     10.479  121.79436   25.18826    25.0284    33.7627    22.3985     6.6190  0.000e+00
     10.479  121.79436   25.18826    25.0272    33.7625    22.3987     6.6201  0.000e+00
     10.537  121.79436   25.18826    25.0265    33.7631    22.3995     6.6213  0.000e+00
     10.508  121.79436   25.18826    25.0260    33.7634    22.3999     6.6223  0.000e+00
     10.537  121.79436   25.18826    25.0256    33.7634    22.4000     6.6233  0.000e+00
     10.537  121.79436   25.18826    25.0258    33.7634    22.3999     6.6242  0.000e+00
     10.588  121.79436   25.18826    25.0258    33.7632    22.3998     6.6252  0.000e+00
     10.537  121.79436   25.18826    25.0254    33.7632    22.3999     6.6259  0.000e+00
     10.559  121.79436   25.18826    25.0252    33.7633    22.3999     6.6267  0.000e+00
     10.646  121.79436   25.18826    25.0247    33.7634    22.4002     6.6275  0.000e+00
     10.588  121.79436   25.18826    25.0240    33.7632    22.4002     6.6285  0.000e+00
     10.588  121.79436   25.18826    25.0234    33.7631    22.4004     6.6331  0.000e+00
     10.667  121.79436   25.18826    25.0225    33.7632    22.4007     6.6342  0.000e+00
     10.588  121.79436   25.18826    25.0214    33.7633    22.4011     6.6352  0.000e+00
     10.646  121.79436   25.18826    25.0209    33.7633    22.4013     6.6363  0.000e+00
     10.646  121.79436   25.18826    25.0206    33.7636    22.4016     6.6372  0.000e+00
     10.696  121.79436   25.18826    25.0206    33.7635    22.4016     6.6382  0.000e+00
     10.667  121.79436   25.18826    25.0203    33.7635    22.4016     6.6391  0.000e+00
     10.696  121.79436   25.18826    25.0202    33.7637    22.4018     6.6400  0.000e+00
     10.696  121.79436   25.18826    25.0197    33.7635    22.4018     6.6371  0.000e+00
     10.696  121.79436   25.18826    25.0193    33.7633    22.4018     6.6376  0.000e+00
     10.725  121.79436   25.18826    25.0187    33.7637    22.4022     6.6381  0.000e+00
     10.696  121.79436   25.18826    25.0190    33.7632    22.4018     6.6385  0.000e+00
     10.747  121.79436   25.18826    25.0190    33.7634    22.4019     6.6387  0.000e+00
     10.805  121.79436   25.18826    25.0190    33.7637    22.4022     6.6351  0.000e+00
     10.725  121.79436   25.18826    25.0194    33.7634    22.4018     6.6311  0.000e+00
     10.805  121.79436   25.18826    25.0190    33.7630    22.4017     6.6309  0.000e+00
     10.805  121.79436   25.18826    25.0190    33.7630    22.4017     6.6304  0.000e+00
     10.805  121.79436   25.18826    25.0189    33.7632    22.4018     6.6261  0.000e+00
     10.747  121.79436   25.18826    25.0188    33.7633    22.4019     6.6215  0.000e+00
     10.885  121.79436   25.18826    25.0190    33.7633    22.4019     6.6166  0.000e+00
     10.805  121.79436   25.18826    25.0186    33.7633    22.4020     6.6151  0.000e+00
     10.805  121.79436   25.18826    25.0184    33.7633    22.4020     6.6099  0.000e+00
     10.914  121.79436   25.18826    25.0183    33.7631    22.4019     6.6046  0.000e+00
     10.885  121.79436   25.18826    25.0177    33.7632    22.4022     6.5991  0.000e+00
     10.964  121.79436   25.18826    25.0169    33.7637    22.4029     6.5972  0.000e+00
     10.914  121.79436   25.18826    25.0160    33.7641    22.4034     6.5915  0.000e+00
     10.964  121.79436   25.18826    25.0161    33.7640    22.4033     6.5894  0.000e+00
     10.964  121.79436   25.18826    25.0169    33.7639    22.4030     6.5835  0.000e+00
     10.993  121.79436   25.18826    25.0169    33.7643    22.4033     6.5812  0.000e+00
     11.015  121.79436   25.18826    25.0169    33.7640    22.4031     6.5793  0.000e+00
     11.015  121.79436   25.18826    25.0172    33.7640    22.4029     6.5774  0.000e+00
     11.073  121.79436   25.18826    25.0167    33.7640    22.4031     6.5757  0.000e+00
     11.073  121.79436   25.18826    25.0165    33.7640    22.4032     6.5739  0.000e+00
     11.095  121.79436   25.18826    25.0158    33.7647    22.4039     6.5725  0.000e+00
     11.124  121.79436   25.18826    25.0154    33.7643    22.4037     6.5677  0.000e+00
     11.182  121.79436   25.18826    25.0153    33.7645    22.4039     6.5700  0.000e+00
     11.182  121.79436   25.18826    25.0151    33.7643    22.4039     6.5726  0.000e+00
     11.204  121.79436   25.18826    25.0151    33.7643    22.4039     6.5681  0.000e+00
     11.283  121.79436   25.18826    25.0149    33.7645    22.4040     6.5714  0.000e+00
     11.283  121.79436   25.18826    25.0151    33.7643    22.4039     6.5749  0.000e+00
     11.283  121.79436   25.18826    25.0151    33.7643    22.4038     6.5748  0.000e+00
     11.392  121.79436   25.18826    25.0147    33.7649    22.4044     6.5750  0.000e+00
     11.421  121.79436   25.18826    25.0147    33.7644    22.4040     6.5790  0.000e+00
     11.450  121.79436   25.18826    25.0144    33.7644    22.4041     6.5795  0.000e+00
     11.450  121.79436   25.18826    25.0142    33.7642    22.4040     6.5800  0.000e+00
     11.552  121.79436   25.18826    25.0142    33.7644    22.4042     6.5806  0.000e+00
     11.552  121.79436   25.18826    25.0138    33.7649    22.4047     6.5850  0.000e+00
     11.581  121.79436   25.18826    25.0142    33.7643    22.4041     6.5859  0.000e+00
     11.661  121.79436   25.18826    25.0144    33.7641    22.4039     6.5831  0.000e+00
     11.661  121.79436   25.18826    25.0144    33.7641    22.4039     6.5879  0.000e+00
     11.660  121.79434   25.18826    25.0142    33.7642    22.4041     6.5892  0.000e+00
     11.820  121.79434   25.18826    25.0142    33.7639    22.4038     6.5945  0.000e+00
     11.798  121.79434   25.18826    25.0145    33.7638    22.4037     6.5923  0.000e+00
     11.820  121.79434   25.18826    25.0145    33.7639    22.4038     6.5976  0.000e+00
     11.929  121.79434   25.18826    25.0151    33.7639    22.4036     6.5994  0.000e+00
     11.929  121.79434   25.18826    25.0161    33.7643    22.4035     6.5973  0.000e+00
     11.987  121.79434   25.18826    25.0172    33.7640    22.4030     6.5989  0.000e+00
     12.067  121.79434   25.18826    25.0179    33.7638    22.4026     6.6004  0.000e+00
     12.038  121.79434   25.18826    25.0167    33.7640    22.4032     6.6058  0.000e+00
     12.146  121.79434   25.18826    25.0153    33.7641    22.4037     6.6079  0.000e+00
     12.146  121.79434   25.18826    25.0136    33.7644    22.4044     6.6099  0.000e+00
     12.255  121.79434   25.18826    25.0127    33.7650    22.4052     6.6120  0.000e+00
     12.277  121.79434   25.18826    25.0121    33.7652    22.4055     6.6138  0.000e+00
     12.306  121.79434   25.18826    25.0120    33.7653    22.4056     6.6192  0.000e+00
     12.364  121.79434   25.18826    25.0118    33.7654    22.4058     6.6172  0.000e+00
     12.415  121.79434   25.18826    25.0116    33.7656    22.4060     6.6188  0.000e+00
     12.415  121.79434   25.18826    25.0113    33.7651    22.4057     6.6203  0.000e+00
     12.553  121.79434   25.18826    25.0104    33.7650    22.4059     6.6216  0.000e+00
     12.524  121.79434   25.18826    25.0101    33.7653    22.4062     6.6226  0.000e+00
     12.574  121.79434   25.18826    25.0097    33.7655    22.4065     6.6198  0.000e+00
     12.632  121.79434   25.18826    25.0097    33.7654    22.4064     6.6203  0.000e+00
     12.632  121.79434   25.18826    25.0090    33.7657    22.4068     6.6245  0.000e+00
     12.734  121.79434   25.18826    25.0083    33.7658    22.4072     6.6211  0.000e+00
     12.763  121.79434   25.18826    25.0083    33.7658    22.4071     6.6211  0.000e+00
     12.792  121.79434   25.18826    25.0081    33.7654    22.4069     6.6209  0.000e+00
     12.792  121.79434   25.18826    25.0076    33.7654    22.4070     6.6207  0.000e+00
     12.843  121.79434   25.18826    25.0074    33.7657    22.4073     6.6240  0.000e+00
     12.951  121.79434   25.18826    25.0070    33.7660    22.4077     6.6238  0.000e+00
     12.922  121.79434   25.18826    25.0067    33.7660    22.4078     6.6234  0.000e+00
     12.901  121.79434   25.18826    25.0063    33.7660    22.4079     6.6230  0.000e+00
     13.060  121.79434   25.18826    25.0060    33.7659    22.4079     6.6188  0.000e+00
     13.002  121.79434   25.18826    25.0055    33.7662    22.4083     6.6219  0.000e+00
     13.060  121.79434   25.18826    25.0056    33.7661    22.4082     6.6213  0.000e+00
     13.060  121.79434   25.18826    25.0056    33.7661    22.4082     6.6205  0.000e+00
     13.140  121.79434   25.18826    25.0056    33.7661    22.4082     6.6199  0.000e+00
     13.111  121.79434   25.18826    25.0057    33.7660    22.4081     6.6193  0.000e+00
     13.169  121.79434   25.18826    25.0056    33.7663    22.4083     6.6224  0.000e+00
     13.220  121.79434   25.18826    25.0056    33.7659    22.4080     6.6221  0.000e+00
     13.169  121.79434   25.18826    25.0058    33.7658    22.4079     6.6219  0.000e+00
     13.220  121.79434   25.18826    25.0056    33.7659    22.4080     6.6217  0.000e+00
     13.249  121.79434   25.18826    25.0060    33.7657    22.4078     6.6214  0.000e+00
     13.270  121.79434   25.18826    25.0058    33.7664    22.4083     6.6214  0.000e+00
     13.270  121.79434   25.18826    25.0060    33.7659    22.4080     6.6213  0.000e+00
     13.220  121.79434   25.18826    25.0058    33.7659    22.4080     6.6211  0.000e+00
     13.379  121.79434   25.18826    25.0058    33.7661    22.4081     6.6211  0.000e+00
     13.328  121.79434   25.18826    25.0058    33.7664    22.4084     6.6173  0.000e+00
     13.299  121.79434   25.18826    25.0058    33.7658    22.4079     6.6171  0.000e+00
     13.379  121.79434   25.18826    25.0060    33.7659    22.4079     6.6168  0.000e+00
     13.379  121.79434   25.18826    25.0058    33.7664    22.4084     6.6166  0.000e+00
     13.328  121.79434   25.18826    25.0058    33.7663    22.4083     6.6201  0.000e+00
     13.379  121.79434   25.18826    25.0054    33.7665    22.4085     6.6204  0.000e+00
     13.437  121.79434   25.18826    25.0053    33.7663    22.4084     6.6205  0.000e+00
     13.357  121.79434   25.18826    25.0053    33.7660    22.4082     6.6206  0.000e+00
