CTD/1-1.cnv
* Sea-Bird SBE 9 Data File:
* FileName = D:\ctddata\cr2381\1-1.hex
* Software Version Seasave V 7.20g
* Temperature SN = 6284
* Conductivity SN = 4751
* Number of Bytes Per Scan = 34
* Number of Voltage Words = 5
* Number of Scans Averaged by the Deck Unit = 1
* NMEA Latitude = 25 11.29 N
* NMEA Longitude = 121 47.66 E
* NMEA UTC (Time) = Oct 07 2019  02:12:29
** Ship:
** Station:
** Operator:
# nquan = 8
# nvalues = 4311                                  
# units = specified
# name 0 = depSM: Depth [salt water, m]
# name 1 = longitude: Longitude [deg]
# name 2 = latitude: Latitude [deg]
# name 3 = t090C: Temperature [ITS-90, deg C]
# name 4 = sal00: Salinity, Practical [PSU]
# name 5 = sigma-é00: Density [sigma-theta, kg/m^3]
# name 6 = sbeox0Mg/L: Oxygen, SBE 43 [mg/l]
# name 7 = flag:  0.000e+00
# span 0 =      0.603,     46.477                 
# span 1 =  121.79362,  121.79448                 
# span 2 =   25.18824,   25.18834                 
# span 3 =    22.8787,    25.5100                 
# span 4 =    33.6139,    34.0069                 
# span 5 =    22.2139,    23.2144                 
# span 6 =     6.3481,     6.6965                 
# span 7 = 0.0000e+00, 0.0000e+00                 
# interval = seconds: 0.0416667
# start_time = Oct 07 2019 02:12:29 [NMEA time, header]
# bad_flag = -9.990e-29
*END*
[from data line 3236]
     24.998  121.79384   25.18832    24.8170    33.7926    22.4859     6.5960  0.000e+00
     24.889  121.79384   25.18832    24.8174    33.7926    22.4858     6.5964  0.000e+00
     24.940  121.79384   25.18832    24.8172    33.7928    22.4860     6.5971  0.000e+00
     24.889  121.79384   25.18832    24.8172    33.7926    22.4858     6.5975  0.000e+00
     24.904  121.79384   25.18832    24.8170    33.7926    22.4859     6.5982  0.000e+00
     24.831  121.79384   25.18832    24.8172    33.7927    22.4859     6.5987  0.000e+00
     24.831  121.79384   25.18832    24.8174    33.7925    22.4857     6.5991  0.000e+00
     24.780  121.79384   25.18832    24.8177    33.7924    22.4855     6.5996  0.000e+00
     24.780  121.79384   25.18832    24.8181    33.7924    22.4854     6.6002  0.000e+00
     24.780  121.79384   25.18832    24.8181    33.7922    22.4853     6.6008  0.000e+00
     24.780  121.79384   25.18832    24.8182    33.7924    22.4853     6.6052  0.000e+00
     24.729  121.79384   25.18832    24.8184    33.7925    22.4854     6.6057  0.000e+00
     24.671  121.79384   25.18832    24.8184    33.7923    22.4852     6.6023  0.000e+00
     24.671  121.79384   25.18832    24.8184    33.7918    22.4848     6.6064  0.000e+00
     24.671  121.79384   25.18832    24.8185    33.7928    22.4856     6.6069  0.000e+00
     24.635  121.79384   25.18832    24.8188    33.7930    22.4856     6.6111  0.000e+00
     24.620  121.79384   25.18832    24.8193    33.7924    22.4850     6.6119  0.000e+00
     24.562  121.79384   25.18832    24.8197    33.7927    22.4852     6.6088  0.000e+00
     24.562  121.79384   25.18832    24.8198    33.7926    22.4850     6.6092  0.000e+00
     24.562  121.79384   25.18832    24.8198    33.7924    22.4848     6.6133  0.000e+00
     24.511  121.79384   25.18832    24.8198    33.7927    22.4851     6.6100  0.000e+00
     24.511  121.79384   25.18832    24.8200    33.7927    22.4850     6.6102  0.000e+00
     24.460  121.79384   25.18832    24.8198    33.7927    22.4851     6.6105  0.000e+00
     24.402  121.79384   25.18832    24.8198    33.7928    22.4852     6.6068  0.000e+00
     24.460  121.79384   25.18832    24.8197    33.7930    22.4853     6.6106  0.000e+00
     24.402  121.79384   25.18832    24.8200    33.7925    22.4848     6.6067  0.000e+00
     24.351  121.79384   25.18832    24.8201    33.7932    22.4854     6.6065  0.000e+00
     24.315  121.79384   25.18832    24.8204    33.7934    22.4854     6.6099  0.000e+00
     24.293  121.79384   25.18832    24.8205    33.7938    22.4857     6.6097  0.000e+00
     24.242  121.79384   25.18832    24.8209    33.7935    22.4854     6.6095  0.000e+00
     24.293  121.79384   25.18832    24.8222    33.7934    22.4849     6.6092  0.000e+00
     24.191  121.79384   25.18832    24.8225    33.7939    22.4852     6.6049  0.000e+00
     24.191  121.79384   25.18832    24.8231    33.7938    22.4849     6.6082  0.000e+00
     24.133  121.79384   25.18832    24.8234    33.7937    22.4847     6.6075  0.000e+00
     24.133  121.79384   25.18832    24.8236    33.7940    22.4849     6.6110  0.000e+00
     24.082  121.79384   25.18832    24.8245    33.7941    22.4847     6.6068  0.000e+00
     24.082  121.79384   25.18832    24.8248    33.7938    22.4844     6.6063  0.000e+00
     24.024  121.79384   25.18832    24.8250    33.7947    22.4850     6.6059  0.000e+00
     23.973  121.79384   25.18832    24.8264    33.7957    22.4853     6.6052  0.000e+00
     23.923  121.79384   25.18832    24.8290    33.7957    22.4845     6.6007  0.000e+00
     23.937  121.79384   25.18832    24.8319    33.7956    22.4836     6.6036  0.000e+00
     23.864  121.79384   25.18832    24.8337    33.7954    22.4829     6.6030  0.000e+00
     23.814  121.79384   25.18832    24.8352    33.7935    22.4810     6.6025  0.000e+00
     23.864  121.79384   25.18832    24.8343    33.7937    22.4815     6.5981  0.000e+00
     23.705  121.79384   25.18832    24.8345    33.7937    22.4814     6.6011  0.000e+00
     23.755  121.79384   25.18832    24.8341    33.7931    22.4810     6.6007  0.000e+00
     23.647  121.79384   25.18832    24.8334    33.7934    22.4814     6.6002  0.000e+00
     23.647  121.79384   25.18832    24.8337    33.7939    22.4817     6.5998  0.000e+00
     23.596  121.79384   25.18832    24.8350    33.7950    22.4822     6.5993  0.000e+00
     23.646  121.79384   25.18832    24.8365    33.7946    22.4814     6.5990  0.000e+00
     23.545  121.79384   25.18832    24.8368    33.7927    22.4799     6.5950  0.000e+00
     23.487  121.79384   25.18832    24.8352    33.7912    22.4793     6.5987  0.000e+00
     23.378  121.79384   25.18832    24.8327    33.7914    22.4802     6.5988  0.000e+00
     23.487  121.79384   25.18832    24.8304    33.7924    22.4816     6.5951  0.000e+00
     23.378  121.79384   25.18832    24.8291    33.7928    22.4823     6.5948  0.000e+00
     23.349  121.79384   25.18832    24.8282    33.7932    22.4829     6.5945  0.000e+00
     23.276  121.79384   25.18832    24.8280    33.7934    22.4830     6.5941  0.000e+00
     23.276  121.79384   25.18832    24.8277    33.7935    22.4832     6.5938  0.000e+00
     23.218  121.79384   25.18832    24.8279    33.7937    22.4833     6.5933  0.000e+00
     23.109  121.79384   25.18832    24.8275    33.7942    22.4838     6.5931  0.000e+00
     23.167  121.79384   25.18832    24.8277    33.7942    22.4838     6.5930  0.000e+00
     23.109  121.79384   25.18832    24.8277    33.7942    22.4837     6.5926  0.000e+00
     23.058  121.79384   25.18832    24.8280    33.7945    22.4839     6.5924  0.000e+00
     23.007  121.79384   25.18832    24.8290    33.7948    22.4838     6.5922  0.000e+00
     23.007  121.79384   25.18832    24.8293    33.7943    22.4834     6.5885  0.000e+00
     22.949  121.79384   25.18832    24.8297    33.7938    22.4829     6.5922  0.000e+00
     22.898  121.79384   25.18832    24.8297    33.7941    22.4830     6.5921  0.000e+00
     22.898  121.79384   25.18832    24.8298    33.7945    22.4834     6.5920  0.000e+00
     22.840  121.79384   25.18832    24.8300    33.7944    22.4832     6.5921  0.000e+00
     22.789  121.79384   25.18832    24.8307    33.7945    22.4830     6.5882  0.000e+00
     22.789  121.79382   25.18832    24.8311    33.7946    22.4831     6.5917  0.000e+00
     22.738  121.79382   25.18832    24.8311    33.7940    22.4826     6.5917  0.000e+00
     22.680  121.79382   25.18832    24.8307    33.7942    22.4828     6.5915  0.000e+00
     22.629  121.79382   25.18832    24.8311    33.7939    22.4824     6.5953  0.000e+00
     22.571  121.79382   25.18832    24.8304    33.7936    22.4825     6.5954  0.000e+00
     22.644  121.79382   25.18832    24.8300    33.7933    22.4823     6.5955  0.000e+00
     22.571  121.79382   25.18832    24.8295    33.7933    22.4825     6.5996  0.000e+00
     22.520  121.79382   25.18832    24.8295    33.7938    22.4829     6.6000  0.000e+00
     22.520  121.79382   25.18832    24.8293    33.7942    22.4833     6.6004  0.000e+00
     22.462  121.79382   25.18832    24.8297    33.7941    22.4830     6.6007  0.000e+00
     22.462  121.79382   25.18832    24.8304    33.7937    22.4825     6.5970  0.000e+00
     22.411  121.79382   25.18832    24.8299    33.7939    22.4828     6.6011  0.000e+00
     22.411  121.79382   25.18832    24.8313    33.7953    22.4835     6.5936  0.000e+00
     22.361  121.79382   25.18832    24.8368    33.7952    22.4817     6.5931  0.000e+00
     22.360  121.79382   25.18832    24.8404    33.7941    22.4798     6.5927  0.000e+00
     22.302  121.79382   25.18832    24.8391    33.7932    22.4795     6.5929  0.000e+00
     22.302  121.79382   25.18832    24.8380    33.7933    22.4799     6.5930  0.000e+00
     22.302  121.79382   25.18832    24.8382    33.7930    22.4796     6.5930  0.000e+00
     22.251  121.79382   25.18832    24.8373    33.7932    22.4800     6.5890  0.000e+00
     22.251  121.79382   25.18832    24.8373    33.7933    22.4801     6.5926  0.000e+00
     22.193  121.79382   25.18832    24.8368    33.7934    22.4804     6.5888  0.000e+00
     22.193  121.79382   25.18832    24.8363    33.7931    22.4803     6.5926  0.000e+00
     22.251  121.79382   25.18832    24.8354    33.7936    22.4809     6.5887  0.000e+00
     22.142  121.79382   25.18832    24.8357    33.7935    22.4807     6.5884  0.000e+00
     22.142  121.79382   25.18832    24.8359    33.7937    22.4808     6.5921  0.000e+00
     22.142  121.79382   25.18832    24.8354    33.7935    22.4809     6.5923  0.000e+00
     22.142  121.79382   25.18832    24.8352    33.7936    22.4810     6.5924  0.000e+00
     22.142  121.79382   25.18832    24.8354    33.7942    22.4814     6.5925  0.000e+00
     22.142  121.79382   25.18832    24.8365    33.7942    22.4811     6.5925  0.000e+00
     22.091  121.79382   25.18832    24.8379    33.7940    22.4805     6.5922  0.000e+00
     22.142  121.79382   25.18832    24.8377    33.7940    22.4805     6.5924  0.000e+00
     22.091  121.79382   25.18832    24.8380    33.7934    22.4800     6.5963  0.000e+00
     22.106  121.79382   25.18832    24.8372    33.7932    22.4800     6.5966  0.000e+00
     22.091  121.79382   25.18832    24.8356    33.7934    22.4807     6.6007  0.000e+00
     22.033  121.79382   25.18832    24.8356    33.7937    22.4809     6.5971  0.000e+00
     22.142  121.79382   25.18832    24.8356    33.7939    22.4811     6.6012  0.000e+00
     22.091  121.79382   25.18832    24.8370    33.7945    22.4811     6.6012  0.000e+00
     22.091  121.79382   25.18832    24.8396    33.7944    22.4802     6.6012  0.000e+00
     22.091  121.79382   25.18832    24.8407    33.7934    22.4792     6.6014  0.000e+00
     22.091  121.79382   25.18832    24.8395    33.7934    22.4795     6.6056  0.000e+00
     22.142  121.79382   25.18832    24.8382    33.7921    22.4789     6.6025  0.000e+00
     22.091  121.79382   25.18832    24.8350    33.7930    22.4805     6.6068  0.000e+00
     22.091  121.79382   25.18832    24.8341    33.7931    22.4809     6.6035  0.000e+00
     22.091  121.79382   25.18832    24.8330    33.7938    22.4818     6.6073  0.000e+00
     22.142  121.79382   25.18832    24.8318    33.7935    22.4820     6.6079  0.000e+00
     22.091  121.79382   25.18832    24.8309    33.7933    22.4820     6.6121  0.000e+00
     22.141  121.79382   25.18832    24.8300    33.7937    22.4826     6.6127  0.000e+00
     22.091  121.79382   25.18832    24.8300    33.7943    22.4831     6.6131  0.000e+00
     22.192  121.79382   25.18832    24.8311    33.7946    22.4830     6.6133  0.000e+00
     22.141  121.79382   25.18832    24.8336    33.7943    22.4820     6.6133  0.000e+00
     22.141  121.79382   25.18832    24.8384    33.7934    22.4799     6.6132  0.000e+00
     22.090  121.79382   25.18832    24.8405    33.7940    22.4797     6.6132  0.000e+00
     22.192  121.79382   25.18832    24.8411    33.7938    22.4793     6.6137  0.000e+00
     22.192  121.79382   25.18832    24.8405    33.7935    22.4793     6.6143  0.000e+00
     22.192  121.79382   25.18832    24.8407    33.7935    22.4793     6.6185  0.000e+00
     22.192  121.79382   25.18832    24.8418    33.7940    22.4793     6.6192  0.000e+00
     22.250  121.79382   25.18832    24.8427    33.7938    22.4788     6.6162  0.000e+00
     22.192  121.79382   25.18832    24.8425    33.7936    22.4788     6.6206  0.000e+00
     22.192  121.79382   25.18832    24.8422    33.7934    22.4787     6.6215  0.000e+00
     22.301  121.79382   25.18832    24.8418    33.7942    22.4794     6.6221  0.000e+00
     22.192  121.79382   25.18832    24.8425    33.7939    22.4790     6.6227  0.000e+00
     22.250  121.79382   25.18832    24.8420    33.7937    22.4791     6.6230  0.000e+00
     22.358  121.79382   25.18832    24.8411    33.7938    22.4794     6.6234  0.000e+00
     22.213  121.79382   25.18832    24.8411    33.7942    22.4797     6.6196  0.000e+00
     22.300  121.79382   25.18832    24.8412    33.7939    22.4794     6.6233  0.000e+00
     22.358  121.79382   25.18832    24.8409    33.7940    22.4796     6.6196  0.000e+00
     22.249  121.79382   25.18832    24.8411    33.7938    22.4793     6.6193  0.000e+00
     22.358  121.79382   25.18832    24.8409    33.7943    22.4798     6.6189  0.000e+00
     22.300  121.79382   25.18832    24.8416    33.7947    22.4799     6.6185  0.000e+00
     22.409  121.79382   25.18832    24.8412    33.7941    22.4795     6.6181  0.000e+00
     22.358  121.79382   25.18832    24.8412    33.7941    22.4795     6.6177  0.000e+00
     22.358  121.79382   25.18832    24.8405    33.7947    22.4802     6.6171  0.000e+00
     22.358  121.79382   25.18832    24.8405    33.7952    22.4806     6.6164  0.000e+00
     22.358  121.79382   25.18832    24.8431    33.7953    22.4799     6.6194  0.000e+00
     22.409  121.79382   25.18832    24.8439    33.7951    22.4795     6.6190  0.000e+00
     22.409  121.79382   25.18832    24.8431    33.7947    22.4795     6.6188  0.000e+00
     22.358  121.79382   25.18832    24.8407    33.7940    22.4796     6.6186  0.000e+00
     22.459  121.79382   25.18832    24.8391    33.7939    22.4800     6.6184  0.000e+00
     22.409  121.79382   25.18832    24.8382    33.7940    22.4804     6.6180  0.000e+00
     22.409  121.79382   25.18832    24.8384    33.7935    22.4800     6.6174  0.000e+00
     22.409  121.79382   25.18832    24.8368    33.7930    22.4800     6.6172  0.000e+00
     22.409  121.79382   25.18832    24.8346    33.7930    22.4807     6.6132  0.000e+00
     22.408  121.79382   25.18832    24.8334    33.7932    22.4813     6.6129  0.000e+00
     22.408  121.79382   25.18832    24.8322    33.7940    22.4822     6.6124  0.000e+00
     22.459  121.79382   25.18832    24.8325    33.7950    22.4829     6.6119  0.000e+00
     22.408  121.79382   25.18832    24.8357    33.7954    22.4822     6.6071  0.000e+00
     22.408  121.79382   25.18832    24.8373    33.7947    22.4812     6.6101  0.000e+00
     22.408  121.79382   25.18832    24.8366    33.7944    22.4812     6.6058  0.000e+00
     22.357  121.79382   25.18832    24.8348    33.7945    22.4817     6.6054  0.000e+00
     22.430  121.79382   25.18832    24.8343    33.7946    22.4820     6.6048  0.000e+00
     22.408  121.79382   25.18832    24.8339    33.7944    22.4820     6.6043  0.000e+00
     22.357  121.79382   25.18832    24.8329    33.7946    22.4825     6.6036  0.000e+00
     22.408  121.79382   25.18832    24.8325    33.7939    22.4820     6.5993  0.000e+00
     22.299  121.79382   25.18832    24.8322    33.7940    22.4822     6.5985  0.000e+00
     22.357  121.79382   25.18832    24.8314    33.7944    22.4827     6.5981  0.000e+00
     22.299  121.79382   25.18832    24.8316    33.7943    22.4826     6.5976  0.000e+00
     22.357  121.79380   25.18832    24.8320    33.7944    22.4825     6.6009  0.000e+00
     22.248  121.79380   25.18832    24.8323    33.7945    22.4825     6.5967  0.000e+00
     22.299  121.79380   25.18832    24.8318    33.7945    22.4827     6.5964  0.000e+00
     22.190  121.79380   25.18832    24.8313    33.7946    22.4829     6.5959  0.000e+00
     22.248  121.79380   25.18832    24.8341    33.7947    22.4821     6.5952  0.000e+00
     22.248  121.79380   25.18832    24.8391    33.7948    22.4807     6.5942  0.000e+00
     22.190  121.79380   25.18832    24.8402    33.7941    22.4799     6.5937  0.000e+00
     22.139  121.79380   25.18832    24.8379    33.7940    22.4805     6.5938  0.000e+00
     22.139  121.79380   25.18832    24.8382    33.7940    22.4804     6.5937  0.000e+00
     22.088  121.79380   25.18832    24.8396    33.7944    22.4803     6.5932  0.000e+00
     22.088  121.79380   25.18832    24.8407    33.7950    22.4803     6.5930  0.000e+00
     22.030  121.79380   25.18832    24.8427    33.7944    22.4794     6.5927  0.000e+00
     22.030  121.79380   25.18832    24.8427    33.7936    22.4787     6.5928  0.000e+00
