CTD/1-1.cnv
* Sea-Bird SBE 9 Data File:
* FileName = D:\ctddata\cr2381\1-1.hex
* Software Version Seasave V 7.20g
* Temperature SN = 6284
* Conductivity SN = 4751
* Number of Bytes Per Scan = 34
* Number of Voltage Words = 5
* Number of Scans Averaged by the Deck Unit = 1
* NMEA Latitude = 25 11.29 N
* NMEA Longitude = 121 47.66 E
* NMEA UTC (Time) = Oct 07 2019  02:12:29
** Ship:
** Station:
** Operator:
# nquan = 8
# nvalues = 4311                                  
# units = specified
# name 0 = depSM: Depth [salt water, m]
# name 1 = longitude: Longitude [deg]
# name 2 = latitude: Latitude [deg]
# name 3 = t090C: Temperature [ITS-90, deg C]
# name 4 = sal00: Salinity, Practical [PSU]
# name 5 = sigma-é00: Density [sigma-theta, kg/m^3]
# name 6 = sbeox0Mg/L: Oxygen, SBE 43 [mg/l]
# name 7 = flag:  0.000e+00
# span 0 =      0.603,     46.477                 
# span 1 =  121.79362,  121.79448                 
# span 2 =   25.18824,   25.18834                 
# span 3 =    22.8787,    25.5100                 
# span 4 =    33.6139,    34.0069                 
# span 5 =    22.2139,    23.2144                 
# span 6 =     6.3481,     6.6965                 
# span 7 = 0.0000e+00, 0.0000e+00                 
# interval = seconds: 0.0416667
# start_time = Oct 07 2019 02:12:29 [NMEA time, header]
# bad_flag = -9.990e-29
*END*
[from data line 899]
     17.678  121.79430   25.18826    24.9293    33.7810    22.4428     6.5969  0.000e+00
     17.620  121.79430   25.18826    24.9292    33.7813    22.4430     6.5968  0.000e+00
     17.620  121.79430   25.18826    24.9289    33.7811    22.4430     6.6006  0.000e+00
     17.678  121.79430   25.18826    24.9286    33.7813    22.4433     6.5970  0.000e+00
     17.678  121.79430   25.18826    24.9289    33.7812    22.4431     6.5969  0.000e+00
     17.678  121.79430   25.18826    24.9290    33.7812    22.4430     6.5932  0.000e+00
     17.729  121.79430   25.18826    24.9292    33.7808    22.4427     6.5931  0.000e+00
     17.678  121.79430   25.18826    24.9295    33.7809    22.4427     6.5968  0.000e+00
     17.729  121.79430   25.18826    24.9295    33.7806    22.4424     6.5972  0.000e+00
     17.678  121.79430   25.18826    24.9292    33.7807    22.4426     6.5975  0.000e+00
     17.729  121.79430   25.18826    24.9286    33.7809    22.4429     6.5941  0.000e+00
     17.707  121.79430   25.18826    24.9272    33.7814    22.4437     6.5984  0.000e+00
     17.787  121.79430   25.18826    24.9270    33.7811    22.4436     6.5987  0.000e+00
     17.787  121.79430   25.18826    24.9254    33.7813    22.4442     6.5993  0.000e+00
     17.729  121.79430   25.18826    24.9238    33.7817    22.4450     6.5999  0.000e+00
     17.838  121.79430   25.18826    24.9229    33.7819    22.4454     6.6004  0.000e+00
     17.729  121.79430   25.18826    24.9231    33.7820    22.4454     6.6007  0.000e+00
     17.787  121.79430   25.18826    24.9235    33.7820    22.4453     6.6051  0.000e+00
     17.838  121.79430   25.18826    24.9233    33.7818    22.4452     6.6019  0.000e+00
     17.838  121.79430   25.18826    24.9233    33.7818    22.4453     6.6023  0.000e+00
     17.838  121.79430   25.18826    24.9229    33.7815    22.4451     6.6027  0.000e+00
     17.838  121.79430   25.18826    24.9224    33.7821    22.4458     6.6031  0.000e+00
     17.838  121.79430   25.18826    24.9233    33.7823    22.4456     6.6034  0.000e+00
     17.838  121.79430   25.18826    24.9247    33.7822    22.4451     6.6036  0.000e+00
     17.889  121.79430   25.18826    24.9250    33.7819    22.4448     6.6079  0.000e+00
     17.889  121.79430   25.18826    24.9254    33.7818    22.4446     6.6085  0.000e+00
     17.889  121.79430   25.18826    24.9254    33.7816    22.4445     6.6092  0.000e+00
     17.925  121.79430   25.18826    24.9259    33.7814    22.4441     6.6099  0.000e+00
     17.947  121.79430   25.18826    24.9263    33.7817    22.4442     6.6103  0.000e+00
     17.947  121.79430   25.18826    24.9267    33.7816    22.4440     6.6105  0.000e+00
     17.947  121.79430   25.18826    24.9265    33.7813    22.4439     6.6108  0.000e+00
     17.997  121.79430   25.18826    24.9258    33.7811    22.4440     6.6111  0.000e+00
     17.997  121.79430   25.18826    24.9251    33.7812    22.4443     6.6152  0.000e+00
     17.947  121.79430   25.18826    24.9243    33.7813    22.4445     6.6157  0.000e+00
     18.055  121.79430   25.18826    24.9251    33.7819    22.4448     6.6160  0.000e+00
     18.055  121.79430   25.18826    24.9254    33.7817    22.4445     6.6161  0.000e+00
     17.997  121.79430   25.18826    24.9252    33.7814    22.4444     6.6162  0.000e+00
     18.055  121.79430   25.18826    24.9251    33.7810    22.4441     6.6164  0.000e+00
     18.106  121.79430   25.18826    24.9247    33.7811    22.4443     6.6165  0.000e+00
     18.106  121.79430   25.18826    24.9249    33.7812    22.4443     6.6206  0.000e+00
     18.157  121.79430   25.18826    24.9247    33.7809    22.4441     6.6209  0.000e+00
     18.157  121.79430   25.18826    24.9238    33.7809    22.4444     6.6214  0.000e+00
     18.106  121.79430   25.18826    24.9231    33.7813    22.4450     6.6180  0.000e+00
     18.244  121.79430   25.18826    24.9231    33.7815    22.4451     6.6221  0.000e+00
     18.157  121.79430   25.18826    24.9233    33.7815    22.4450     6.6185  0.000e+00
     18.266  121.79430   25.18826    24.9242    33.7811    22.4444     6.6186  0.000e+00
     18.215  121.79430   25.18826    24.9247    33.7809    22.4442     6.6186  0.000e+00
     18.324  121.79430   25.18826    24.9249    33.7811    22.4443     6.6187  0.000e+00
     18.324  121.79430   25.18826    24.9251    33.7806    22.4438     6.6188  0.000e+00
     18.324  121.79430   25.18826    24.9244    33.7816    22.4448     6.6226  0.000e+00
     18.324  121.79430   25.18826    24.9242    33.7818    22.4450     6.6191  0.000e+00
     18.425  121.79430   25.18826    24.9240    33.7818    22.4451     6.6194  0.000e+00
     18.425  121.79430   25.18826    24.9240    33.7816    22.4449     6.6194  0.000e+00
     18.425  121.79430   25.18826    24.9245    33.7811    22.4444     6.6193  0.000e+00
     18.483  121.79430   25.18826    24.9247    33.7812    22.4444     6.6190  0.000e+00
     18.483  121.79428   25.18826    24.9247    33.7808    22.4441     6.6187  0.000e+00
     18.534  121.79428   25.18826    24.9245    33.7810    22.4443     6.6186  0.000e+00
     18.534  121.79428   25.18826    24.9247    33.7809    22.4442     6.6185  0.000e+00
     18.592  121.79428   25.18826    24.9247    33.7807    22.4440     6.6184  0.000e+00
     18.643  121.79428   25.18826    24.9238    33.7805    22.4442     6.6219  0.000e+00
     18.643  121.79428   25.18826    24.9228    33.7807    22.4446     6.6221  0.000e+00
     18.701  121.79428   25.18826    24.9217    33.7806    22.4449     6.6222  0.000e+00
     18.701  121.79428   25.18826    24.9209    33.7801    22.4447     6.6223  0.000e+00
     18.781  121.79428   25.18826    24.9199    33.7799    22.4449     6.6224  0.000e+00
     18.802  121.79428   25.18826    24.9193    33.7804    22.4454     6.6223  0.000e+00
     18.860  121.79428   25.18826    24.9188    33.7803    22.4455     6.6223  0.000e+00
     18.860  121.79428   25.18826    24.9177    33.7801    22.4457     6.6225  0.000e+00
     18.911  121.79428   25.18826    24.9156    33.7809    22.4469     6.6226  0.000e+00
     18.969  121.79428   25.18826    24.9149    33.7804    22.4468     6.6225  0.000e+00
     18.969  121.79428   25.18826    24.9133    33.7815    22.4481     6.6263  0.000e+00
     19.071  121.79428   25.18826    24.9118    33.7818    22.4487     6.6226  0.000e+00
     19.071  121.79428   25.18826    24.9106    33.7820    22.4493     6.6225  0.000e+00
     19.129  121.79428   25.18826    24.9106    33.7821    22.4493     6.6222  0.000e+00
     19.129  121.79428   25.18826    24.9099    33.7822    22.4497     6.6222  0.000e+00
     19.180  121.79428   25.18826    24.9096    33.7828    22.4502     6.6221  0.000e+00
     19.238  121.79428   25.18826    24.9095    33.7827    22.4502     6.6220  0.000e+00
     19.288  121.79428   25.18826    24.9095    33.7831    22.4505     6.6218  0.000e+00
     19.288  121.79428   25.18826    24.9097    33.7828    22.4502     6.6216  0.000e+00
     19.339  121.79428   25.18826    24.9092    33.7831    22.4506     6.6215  0.000e+00
     19.397  121.79428   25.18826    24.9091    33.7827    22.4503     6.6175  0.000e+00
     19.448  121.79428   25.18826    24.9091    33.7830    22.4505     6.6209  0.000e+00
     19.448  121.79428   25.18826    24.9089    33.7834    22.4509     6.6209  0.000e+00
     19.506  121.79428   25.18826    24.9086    33.7835    22.4511     6.6171  0.000e+00
     19.557  121.79428   25.18826    24.9079    33.7841    22.4517     6.6169  0.000e+00
     19.608  121.79428   25.18826    24.9083    33.7837    22.4513     6.6205  0.000e+00
     19.608  121.79428   25.18826    24.9085    33.7833    22.4509     6.6166  0.000e+00
     19.666  121.79428   25.18826    24.9088    33.7832    22.4508     6.6164  0.000e+00
     19.666  121.79428   25.18826    24.9086    33.7835    22.4510     6.6161  0.000e+00
     19.774  121.79428   25.18826    24.9083    33.7834    22.4511     6.6162  0.000e+00
     19.774  121.79428   25.18826    24.9078    33.7838    22.4515     6.6162  0.000e+00
     19.825  121.79428   25.18826    24.9074    33.7840    22.4519     6.6163  0.000e+00
     19.876  121.79428   25.18826    24.9063    33.7844    22.4524     6.6124  0.000e+00
     19.876  121.79428   25.18826    24.9063    33.7844    22.4524     6.6121  0.000e+00
     19.876  121.79428   25.18826    24.9070    33.7840    22.4519     6.6116  0.000e+00
     19.985  121.79428   25.18826    24.9072    33.7836    22.4516     6.6113  0.000e+00
     19.985  121.79428   25.18826    24.9068    33.7835    22.4516     6.6071  0.000e+00
     19.963  121.79428   25.18826    24.9065    33.7808    22.4497     6.6066  0.000e+00
     20.043  121.79428   25.18826    24.9067    33.7812    22.4499     6.6060  0.000e+00
     20.094  121.79428   25.18826    24.9067    33.7833    22.4515     6.6056  0.000e+00
     20.094  121.79428   25.18826    24.9058    33.7840    22.4523     6.6051  0.000e+00
     20.094  121.79428   25.18826    24.9051    33.7840    22.4525     6.6047  0.000e+00
     20.152  121.79428   25.18826    24.9040    33.7838    22.4528     6.6043  0.000e+00
     20.202  121.79428   25.18826    24.9027    33.7848    22.4538     6.6040  0.000e+00
     20.202  121.79428   25.18828    24.9021    33.7853    22.4545     6.6036  0.000e+00
     20.253  121.79428   25.18828    24.9007    33.7861    22.4554     6.6033  0.000e+00
     20.253  121.79428   25.18828    24.8991    33.7868    22.4564     6.6030  0.000e+00
     20.253  121.79428   25.18828    24.8984    33.7867    22.4566     6.6064  0.000e+00
     20.311  121.79428   25.18828    24.8994    33.7864    22.4561     6.6062  0.000e+00
     20.362  121.79428   25.18828    24.8997    33.7860    22.4557     6.6063  0.000e+00
     20.311  121.79428   25.18828    24.8995    33.7862    22.4559     6.6063  0.000e+00
     20.362  121.79428   25.18828    24.8993    33.7864    22.4561     6.6064  0.000e+00
     20.362  121.79428   25.18828    24.8990    33.7864    22.4562     6.6066  0.000e+00
     20.420  121.79428   25.18828    24.8991    33.7864    22.4562     6.6067  0.000e+00
     20.420  121.79428   25.18828    24.8990    33.7864    22.4562     6.6069  0.000e+00
     20.471  121.79428   25.18828    24.8988    33.7869    22.4567     6.6071  0.000e+00
     20.420  121.79428   25.18828    24.9003    33.7862    22.4556     6.6071  0.000e+00
     20.522  121.79428   25.18828    24.9013    33.7857    22.4550     6.6073  0.000e+00
     20.471  121.79428   25.18828    24.9009    33.7859    22.4552     6.6075  0.000e+00
     20.471  121.79428   25.18828    24.8982    33.7866    22.4566     6.6082  0.000e+00
     20.522  121.79428   25.18828    24.8961    33.7871    22.4576     6.6049  0.000e+00
     20.522  121.79428   25.18828    24.8953    33.7870    22.4578     6.6051  0.000e+00
     20.580  121.79428   25.18828    24.8939    33.7874    22.4585     6.6054  0.000e+00
     20.521  121.79428   25.18828    24.8929    33.7875    22.4589     6.6055  0.000e+00
     20.580  121.79428   25.18828    24.8918    33.7882    22.4597     6.6058  0.000e+00
     20.521  121.79428   25.18828    24.8916    33.7886    22.4601     6.6022  0.000e+00
     20.630  121.79428   25.18828    24.8916    33.7883    22.4599     6.6022  0.000e+00
     20.580  121.79428   25.18828    24.8913    33.7890    22.4605     6.6022  0.000e+00
     20.630  121.79428   25.18828    24.8914    33.7886    22.4602     6.6023  0.000e+00
     20.630  121.79428   25.18828    24.8914    33.7886    22.4602     6.6022  0.000e+00
     20.630  121.79428   25.18828    24.8916    33.7879    22.4596     6.6024  0.000e+00
     20.630  121.79428   25.18828    24.8907    33.7890    22.4607     6.6026  0.000e+00
     20.688  121.79428   25.18828    24.8907    33.7888    22.4605     6.6026  0.000e+00
     20.688  121.79428   25.18828    24.8907    33.7886    22.4604     6.6026  0.000e+00
     20.688  121.79428   25.18828    24.8909    33.7890    22.4606     6.6028  0.000e+00
     20.688  121.79428   25.18828    24.8916    33.7888    22.4603     6.6067  0.000e+00
     20.688  121.79428   25.18828    24.8920    33.7889    22.4602     6.6031  0.000e+00
     20.790  121.79428   25.18828    24.8925    33.7888    22.4600     6.6032  0.000e+00
     20.688  121.79428   25.18828    24.8923    33.7888    22.4600     6.6033  0.000e+00
     20.790  121.79428   25.18828    24.8925    33.7891    22.4602     6.6035  0.000e+00
     20.790  121.79428   25.18828    24.8927    33.7891    22.4601     6.6037  0.000e+00
     20.739  121.79428   25.18828    24.8920    33.7889    22.4602     6.6037  0.000e+00
     20.790  121.79428   25.18828    24.8922    33.7887    22.4600     6.5999  0.000e+00
     20.848  121.79428   25.18828    24.8923    33.7886    22.4599     6.6036  0.000e+00
     20.848  121.79428   25.18828    24.8925    33.7886    22.4598     6.6037  0.000e+00
     20.790  121.79428   25.18828    24.8923    33.7887    22.4600     6.6035  0.000e+00
     20.899  121.79428   25.18828    24.8925    33.7885    22.4598     6.6034  0.000e+00
     20.848  121.79428   25.18828    24.8929    33.7885    22.4596     6.6032  0.000e+00
     20.899  121.79428   25.18828    24.8929    33.7883    22.4595     6.6031  0.000e+00
     20.957  121.79428   25.18828    24.8928    33.7885    22.4597     6.6030  0.000e+00
     20.957  121.79428   25.18828    24.8929    33.7888    22.4599     6.6029  0.000e+00
     20.898  121.79428   25.18828    24.8929    33.7886    22.4598     6.6027  0.000e+00
     21.007  121.79426   25.18828    24.8927    33.7892    22.4602     6.6027  0.000e+00
     20.956  121.79426   25.18828    24.8932    33.7887    22.4597     6.6026  0.000e+00
     21.007  121.79426   25.18828    24.8936    33.7893    22.4600     6.6025  0.000e+00
     21.007  121.79426   25.18828    24.8959    33.7885    22.4588     6.6022  0.000e+00
     21.058  121.79426   25.18828    24.8961    33.7886    22.4588     6.6024  0.000e+00
     21.058  121.79426   25.18828    24.8954    33.7887    22.4590     6.6026  0.000e+00
     21.058  121.79426   25.18828    24.8953    33.7890    22.4593     6.6028  0.000e+00
     21.167  121.79426   25.18828    24.8956    33.7890    22.4592     6.6031  0.000e+00
     21.116  121.79426   25.18828    24.8957    33.7886    22.4589     6.6033  0.000e+00
     21.167  121.79426   25.18828    24.8954    33.7883    22.4588     6.6037  0.000e+00
     21.167  121.79426   25.18828    24.8946    33.7883    22.4590     6.6041  0.000e+00
     21.116  121.79426   25.18828    24.8945    33.7884    22.4591     6.6044  0.000e+00
     21.276  121.79426   25.18828    24.8947    33.7886    22.4592     6.6048  0.000e+00
     21.276  121.79426   25.18828    24.8952    33.7885    22.4590     6.6012  0.000e+00
     21.225  121.79426   25.18828    24.8957    33.7885    22.4588     6.6051  0.000e+00
     21.276  121.79426   25.18828    24.8961    33.7892    22.4592     6.6017  0.000e+00
     21.326  121.79426   25.18828    24.8963    33.7891    22.4591     6.6019  0.000e+00
     21.326  121.79426   25.18828    24.8956    33.7891    22.4593     6.6020  0.000e+00
     21.326  121.79426   25.18828    24.8954    33.7886    22.4590     6.6020  0.000e+00
     21.384  121.79426   25.18828    24.8948    33.7886    22.4592     6.5983  0.000e+00
     21.435  121.79426   25.18828    24.8945    33.7890    22.4596     6.6020  0.000e+00
     21.435  121.79426   25.18828    24.8930    33.7878    22.4591     6.5985  0.000e+00
     21.435  121.79426   25.18828    24.8888    33.7873    22.4601     6.5986  0.000e+00
     21.508  121.79426   25.18828    24.8855    33.7873    22.4610     6.5987  0.000e+00
     21.544  121.79426   25.18828    24.8825    33.7877    22.4622     6.5988  0.000e+00
     21.493  121.79426   25.18828    24.8806    33.7880    22.4630     6.5986  0.000e+00
     21.602  121.79426   25.18828    24.8793    33.7882    22.4636     6.5986  0.000e+00
     21.602  121.79426   25.18828    24.8784    33.7883    22.4639     6.5984  0.000e+00
