CTD/1-1.cnv
* Sea-Bird SBE 9 Data File:
* FileName = D:\ctddata\cr2381\1-1.hex
* Software Version Seasave V 7.20g
* Temperature SN = 6284
* Conductivity SN = 4751
* Number of Bytes Per Scan = 34
* Number of Voltage Words = 5
* Number of Scans Averaged by the Deck Unit = 1
* NMEA Latitude = 25 11.29 N
* NMEA Longitude = 121 47.66 E
* NMEA UTC (Time) = Oct 07 2019  02:12:29
** Ship:
** Station:
** Operator:
# nquan = 8
# nvalues = 4311                                  
# units = specified
# name 0 = depSM: Depth [salt water, m]
# name 1 = longitude: Longitude [deg]
# name 2 = latitude: Latitude [deg]
# name 3 = t090C: Temperature [ITS-90, deg C]
# name 4 = sal00: Salinity, Practical [PSU]
# name 5 = sigma-é00: Density [sigma-theta, kg/m^3]
# name 6 = sbeox0Mg/L: Oxygen, SBE 43 [mg/l]
# name 7 = flag:  0.000e+00
# span 0 =      0.603,     46.477                 
# span 1 =  121.79362,  121.79448                 
# span 2 =   25.18824,   25.18834                 
# span 3 =    22.8787,    25.5100                 
# span 4 =    33.6139,    34.0069                 
# span 5 =    22.2139,    23.2144                 
# span 6 =     6.3481,     6.6965                 
# span 7 = 0.0000e+00, 0.0000e+00                 
# interval = seconds: 0.0416667
# start_time = Oct 07 2019 02:12:29 [NMEA time, header]
# bad_flag = -9.990e-29
*END*
[from data line 1259]
     26.329  121.79424   25.18828    24.8545    33.7915    22.4739     6.5880  0.000e+00
     26.431  121.79424   25.18828    24.8543    33.7917    22.4741     6.5880  0.000e+00
     26.380  121.79424   25.18828    24.8546    33.7912    22.4736     6.5878  0.000e+00
     26.380  121.79424   25.18828    24.8545    33.7912    22.4736     6.5877  0.000e+00
     26.453  121.79424   25.18828    24.8539    33.7916    22.4741     6.5917  0.000e+00
     26.489  121.79424   25.18828    24.8536    33.7912    22.4739     6.5881  0.000e+00
     26.431  121.79424   25.18828    24.8530    33.7916    22.4744     6.5918  0.000e+00
     26.489  121.79424   25.18828    24.8530    33.7914    22.4742     6.5880  0.000e+00
     26.489  121.79422   25.18828    24.8536    33.7914    22.4741     6.5917  0.000e+00
     26.489  121.79422   25.18828    24.8539    33.7915    22.4741     6.5917  0.000e+00
     26.540  121.79422   25.18828    24.8537    33.7915    22.4741     6.5919  0.000e+00
     26.540  121.79422   25.18828    24.8536    33.7913    22.4740     6.5920  0.000e+00
     26.554  121.79422   25.18828    24.8532    33.7912    22.4741     6.5884  0.000e+00
     26.540  121.79422   25.18828    24.8518    33.7923    22.4753     6.5923  0.000e+00
     26.598  121.79422   25.18828    24.8511    33.7924    22.4755     6.5929  0.000e+00
     26.598  121.79422   25.18828    24.8507    33.7922    22.4755     6.5934  0.000e+00
     26.648  121.79422   25.18828    24.8506    33.7921    22.4755     6.5939  0.000e+00
     26.598  121.79422   25.18828    24.8504    33.7924    22.4758     6.5944  0.000e+00
     26.598  121.79422   25.18828    24.8504    33.7926    22.4760     6.5947  0.000e+00
     26.663  121.79422   25.18828    24.8502    33.7933    22.4765     6.5912  0.000e+00
     26.648  121.79422   25.18828    24.8511    33.7927    22.4758     6.5913  0.000e+00
     26.648  121.79422   25.18828    24.8520    33.7919    22.4749     6.5914  0.000e+00
     26.699  121.79422   25.18828    24.8514    33.7922    22.4753     6.5916  0.000e+00
     26.648  121.79422   25.18828    24.8507    33.7923    22.4756     6.5917  0.000e+00
     26.757  121.79422   25.18828    24.8511    33.7915    22.4749     6.5879  0.000e+00
     26.699  121.79422   25.18828    24.8506    33.7919    22.4753     6.5915  0.000e+00
     26.757  121.79422   25.18828    24.8500    33.7921    22.4757     6.5919  0.000e+00
     26.721  121.79422   25.18828    24.8502    33.7923    22.4758     6.5919  0.000e+00
     26.808  121.79422   25.18828    24.8498    33.7920    22.4757     6.5919  0.000e+00
     26.757  121.79422   25.18828    24.8502    33.7919    22.4754     6.5917  0.000e+00
     26.808  121.79422   25.18828    24.8502    33.7918    22.4754     6.5878  0.000e+00
     26.808  121.79422   25.18828    24.8502    33.7920    22.4756     6.5913  0.000e+00
     26.808  121.79422   25.18828    24.8506    33.7919    22.4754     6.5873  0.000e+00
     26.866  121.79422   25.18828    24.8506    33.7917    22.4752     6.5871  0.000e+00
     26.822  121.79422   25.18828    24.8506    33.7920    22.4755     6.5908  0.000e+00
     26.866  121.79422   25.18828    24.8509    33.7921    22.4754     6.5948  0.000e+00
     26.916  121.79422   25.18828    24.8510    33.7917    22.4751     6.5953  0.000e+00
     26.866  121.79422   25.18828    24.8511    33.7916    22.4750     6.5957  0.000e+00
     26.967  121.79422   25.18828    24.8513    33.7916    22.4749     6.5962  0.000e+00
     26.916  121.79422   25.18828    24.8511    33.7918    22.4751     6.5967  0.000e+00
     26.967  121.79422   25.18828    24.8506    33.7922    22.4756     6.5972  0.000e+00
     26.989  121.79422   25.18828    24.8504    33.7922    22.4757     6.6016  0.000e+00
     26.967  121.79422   25.18828    24.8506    33.7919    22.4754     6.5984  0.000e+00
     27.025  121.79422   25.18828    24.8498    33.7919    22.4756     6.6026  0.000e+00
     27.076  121.79422   25.18828    24.8488    33.7922    22.4762     6.6032  0.000e+00
     27.076  121.79422   25.18828    24.8489    33.7918    22.4758     6.6037  0.000e+00
     27.076  121.79422   25.18828    24.8486    33.7919    22.4760     6.6042  0.000e+00
     27.076  121.79422   25.18828    24.8488    33.7923    22.4763     6.6046  0.000e+00
     27.148  121.79422   25.18828    24.8493    33.7921    22.4759     6.6048  0.000e+00
     27.185  121.79422   25.18828    24.8491    33.7919    22.4759     6.6012  0.000e+00
     27.134  121.79422   25.18828    24.8486    33.7917    22.4758     6.6050  0.000e+00
     27.235  121.79422   25.18828    24.8486    33.7920    22.4761     6.6014  0.000e+00
     27.235  121.79422   25.18828    24.8486    33.7925    22.4764     6.6051  0.000e+00
     27.293  121.79422   25.18828    24.8491    33.7919    22.4758     6.6016  0.000e+00
     27.293  121.79422   25.18828    24.8484    33.7918    22.4760     6.6016  0.000e+00
     27.359  121.79422   25.18828    24.8486    33.7918    22.4759     6.6018  0.000e+00
     27.344  121.79422   25.18828    24.8488    33.7922    22.4762     6.6016  0.000e+00
     27.402  121.79422   25.18828    24.8488    33.7921    22.4761     6.6018  0.000e+00
     27.402  121.79422   25.18828    24.8489    33.7918    22.4758     6.6019  0.000e+00
     27.511  121.79422   25.18828    24.8489    33.7918    22.4759     6.6021  0.000e+00
     27.453  121.79422   25.18828    24.8486    33.7922    22.4762     6.6060  0.000e+00
     27.453  121.79422   25.18828    24.8480    33.7921    22.4763     6.6062  0.000e+00
     27.576  121.79422   25.18828    24.8475    33.7920    22.4764     6.6028  0.000e+00
     27.562  121.79422   25.18828    24.8469    33.7922    22.4767     6.6068  0.000e+00
     27.613  121.79422   25.18828    24.8466    33.7926    22.4771     6.6033  0.000e+00
     27.613  121.79422   25.18828    24.8468    33.7925    22.4770     6.6033  0.000e+00
     27.671  121.79422   25.18828    24.8463    33.7923    22.4770     6.6035  0.000e+00
     27.721  121.79422   25.18828    24.8464    33.7926    22.4772     6.6075  0.000e+00
     27.736  121.79422   25.18828    24.8464    33.7925    22.4771     6.6075  0.000e+00
     27.779  121.79422   25.18828    24.8454    33.7925    22.4775     6.6077  0.000e+00
     27.830  121.79422   25.18828    24.8448    33.7923    22.4775     6.6078  0.000e+00
     27.881  121.79422   25.18828    24.8445    33.7923    22.4776     6.6079  0.000e+00
     27.881  121.79422   25.18828    24.8443    33.7926    22.4779     6.6079  0.000e+00
     27.881  121.79422   25.18828    24.8441    33.7924    22.4778     6.6077  0.000e+00
     27.939  121.79422   25.18828    24.8425    33.7928    22.4786     6.6078  0.000e+00
     28.004  121.79422   25.18828    24.8414    33.7924    22.4785     6.6079  0.000e+00
     27.939  121.79422   25.18828    24.8404    33.7930    22.4794     6.6079  0.000e+00
     28.098  121.79422   25.18828    24.8393    33.7932    22.4798     6.6080  0.000e+00
     28.048  121.79422   25.18828    24.8382    33.7931    22.4801     6.6118  0.000e+00
     28.098  121.79420   25.18828    24.8377    33.7932    22.4803     6.6117  0.000e+00
     28.149  121.79420   25.18828    24.8370    33.7933    22.4806     6.6118  0.000e+00
     28.164  121.79420   25.18828    24.8365    33.7942    22.4814     6.6078  0.000e+00
     28.207  121.79420   25.18828    24.8372    33.7937    22.4809     6.6111  0.000e+00
     28.207  121.79420   25.18828    24.8380    33.7937    22.4806     6.6109  0.000e+00
     28.258  121.79420   25.18828    24.8384    33.7936    22.4804     6.6111  0.000e+00
     28.316  121.79420   25.18828    24.8382    33.7937    22.4805     6.6112  0.000e+00
     28.316  121.79420   25.18828    24.8380    33.7935    22.4804     6.6114  0.000e+00
     28.330  121.79420   25.18828    24.8379    33.7933    22.4804     6.6115  0.000e+00
     28.367  121.79420   25.18828    24.8377    33.7937    22.4807     6.6116  0.000e+00
     28.367  121.79420   25.18828    24.8379    33.7936    22.4806     6.6116  0.000e+00
     28.417  121.79420   25.18828    24.8375    33.7935    22.4806     6.6119  0.000e+00
     28.417  121.79420   25.18828    24.8373    33.7934    22.4806     6.6120  0.000e+00
     28.490  121.79420   25.18828    24.8368    33.7933    22.4807     6.6123  0.000e+00
     28.475  121.79420   25.18828    24.8357    33.7935    22.4812     6.6126  0.000e+00
     28.475  121.79420   25.18828    24.8346    33.7940    22.4818     6.6129  0.000e+00
     28.584  121.79420   25.18828    24.8348    33.7934    22.4814     6.6132  0.000e+00
     28.526  121.79420   25.18828    24.8346    33.7937    22.4817     6.6134  0.000e+00
     28.635  121.79420   25.18828    24.8348    33.7939    22.4818     6.6098  0.000e+00
     28.599  121.79420   25.18828    24.8354    33.7936    22.4813     6.6094  0.000e+00
     28.635  121.79420   25.18828    24.8350    33.7938    22.4816     6.6094  0.000e+00
     28.635  121.79420   25.18828    24.8350    33.7938    22.4816     6.6053  0.000e+00
     28.693  121.79420   25.18828    24.8354    33.7936    22.4814     6.6050  0.000e+00
     28.693  121.79420   25.18828    24.8357    33.7937    22.4814     6.6007  0.000e+00
     28.635  121.79420   25.18828    24.8357    33.7934    22.4811     6.5961  0.000e+00
     28.758  121.79420   25.18828    24.8350    33.7935    22.4814     6.5953  0.000e+00
     28.744  121.79420   25.18828    24.8343    33.7934    22.4815     6.5945  0.000e+00
     28.744  121.79420   25.18828    24.8327    33.7933    22.4820     6.5899  0.000e+00
     28.794  121.79420   25.18828    24.8311    33.7927    22.4820     6.5891  0.000e+00
     28.794  121.79420   25.18828    24.8290    33.7941    22.4836     6.5882  0.000e+00
     28.867  121.79420   25.18828    24.8290    33.7938    22.4834     6.5875  0.000e+00
     28.794  121.79420   25.18828    24.8299    33.7936    22.4830     6.5828  0.000e+00
     28.852  121.79420   25.18828    24.8314    33.7942    22.4830     6.5853  0.000e+00
     28.903  121.79420   25.18828    24.8350    33.7939    22.4817     6.5842  0.000e+00
     28.903  121.79420   25.18828    24.8368    33.7937    22.4810     6.5831  0.000e+00
     28.903  121.79420   25.18828    24.8384    33.7934    22.4803     6.5821  0.000e+00
     28.918  121.79420   25.18828    24.8389    33.7933    22.4801     6.5813  0.000e+00
     28.961  121.79420   25.18828    24.8389    33.7929    22.4798     6.5807  0.000e+00
     28.961  121.79420   25.18828    24.8391    33.7930    22.4798     6.5802  0.000e+00
     29.063  121.79420   25.18828    24.8386    33.7935    22.4803     6.5798  0.000e+00
     29.012  121.79420   25.18828    24.8382    33.7938    22.4807     6.5794  0.000e+00
     29.026  121.79420   25.18828    24.8384    33.7930    22.4800     6.5790  0.000e+00
     29.063  121.79420   25.18828    24.8375    33.7929    22.4802     6.5787  0.000e+00
     29.121  121.79420   25.18828    24.8359    33.7925    22.4804     6.5786  0.000e+00
     29.121  121.79420   25.18828    24.8332    33.7928    22.4814     6.5825  0.000e+00
     29.171  121.79420   25.18828    24.8309    33.7935    22.4827     6.5827  0.000e+00
     29.186  121.79420   25.18828    24.8299    33.7940    22.4834     6.5828  0.000e+00
     29.229  121.79420   25.18828    24.8290    33.7939    22.4836     6.5829  0.000e+00
     29.280  121.79420   25.18828    24.8273    33.7936    22.4838     6.5835  0.000e+00
     29.280  121.79420   25.18828    24.8257    33.7942    22.4847     6.5878  0.000e+00
     29.280  121.79420   25.18828    24.8257    33.7947    22.4851     6.5883  0.000e+00
     29.331  121.79420   25.18828    24.8261    33.7945    22.4849     6.5887  0.000e+00
     29.345  121.79420   25.18828    24.8262    33.7943    22.4847     6.5893  0.000e+00
     29.440  121.79420   25.18828    24.8259    33.7941    22.4846     6.5900  0.000e+00
     29.440  121.79420   25.18828    24.8248    33.7946    22.4853     6.5908  0.000e+00
     29.498  121.79420   25.18828    24.8241    33.7944    22.4854     6.5955  0.000e+00
     29.498  121.79420   25.18828    24.8241    33.7944    22.4854     6.5964  0.000e+00
     29.563  121.79420   25.18828    24.8234    33.7947    22.4858     6.5975  0.000e+00
     29.599  121.79420   25.18828    24.8225    33.7945    22.4860     6.5986  0.000e+00
     29.599  121.79420   25.18828    24.8218    33.7947    22.4863     6.5997  0.000e+00
     29.708  121.79420   25.18828    24.8214    33.7946    22.4863     6.6008  0.000e+00
     29.657  121.79420   25.18828    24.8209    33.7951    22.4869     6.6018  0.000e+00
     29.781  121.79420   25.18828    24.8205    33.7948    22.4868     6.6069  0.000e+00
     29.766  121.79420   25.18828    24.8200    33.7946    22.4868     6.6044  0.000e+00
     29.875  121.79420   25.18828    24.8193    33.7948    22.4871     6.6056  0.000e+00
     29.875  121.79420   25.18828    24.8181    33.7951    22.4878     6.6068  0.000e+00
     29.926  121.79420   25.18828    24.8174    33.7954    22.4882     6.6081  0.000e+00
     29.991  121.79420   25.18828    24.8165    33.7954    22.4885     6.6130  0.000e+00
     29.976  121.79420   25.18828    24.8150    33.7954    22.4889     6.6104  0.000e+00
     30.085  121.79420   25.18828    24.8134    33.7956    22.4896     6.6116  0.000e+00
     30.085  121.79420   25.18828    24.8122    33.7960    22.4903     6.6162  0.000e+00
     30.151  121.79420   25.18828    24.8113    33.7958    22.4904     6.6173  0.000e+00
     30.143  121.79420   25.18828    24.8099    33.7956    22.4906     6.6181  0.000e+00
     30.245  121.79420   25.18828    24.8082    33.7958    22.4913     6.6188  0.000e+00
     30.245  121.79420   25.18828    24.8068    33.7962    22.4920     6.6193  0.000e+00
     30.303  121.79420   25.18828    24.8063    33.7963    22.4923     6.6197  0.000e+00
     30.368  121.79420   25.18828    24.8056    33.7965    22.4926     6.6200  0.000e+00
     30.354  121.79420   25.18828    24.8050    33.7968    22.4930     6.6200  0.000e+00
     30.412  121.79420   25.18828    24.8045    33.7967    22.4931     6.6202  0.000e+00
     30.462  121.79420   25.18828    24.8049    33.7967    22.4930     6.6201  0.000e+00
     30.513  121.79420   25.18828    24.8056    33.7973    22.4932     6.6198  0.000e+00
     30.477  121.79420   25.18828    24.8066    33.7968    22.4926     6.6195  0.000e+00
     30.622  121.79420   25.18828    24.8066    33.7967    22.4925     6.6157  0.000e+00
     30.622  121.79420   25.18828    24.8065    33.7969    22.4926     6.6191  0.000e+00
     30.680  121.79420   25.18828    24.8065    33.7966    22.4924     6.6151  0.000e+00
     30.636  121.79420   25.18828    24.8065    33.7966    22.4924     6.6146  0.000e+00
     30.731  121.79420   25.18828    24.8063    33.7969    22.4927     6.6142  0.000e+00
     30.731  121.79420   25.18828    24.8061    33.7966    22.4926     6.6099  0.000e+00
     30.789  121.79420   25.18828    24.8054    33.7969    22.4930     6.6092  0.000e+00
     30.840  121.79420   25.18828    24.8054    33.7969    22.4930     6.6046  0.000e+00
     30.854  121.79420   25.18828    24.8050    33.7965    22.4928     6.6037  0.000e+00
     30.890  121.79420   25.18828    24.8043    33.7964    22.4929     6.6028  0.000e+00
     30.948  121.79420   25.18828    24.8042    33.7965    22.4931     6.6018  0.000e+00
     30.890  121.79420   25.18828    24.8045    33.7966    22.4930     6.6009  0.000e+00
     30.963  121.79420   25.18828    24.8040    33.7964    22.4931     6.6002  0.000e+00
     30.948  121.79420   25.18828    24.8033    33.7969    22.4936     6.5956  0.000e+00
     31.057  121.79420   25.18828    24.8031    33.7966    22.4934     6.5947  0.000e+00
     30.999  121.79420   25.18828    24.8027    33.7970    22.4939     6.5936  0.000e+00
     31.064  121.79420   25.18828    24.8025    33.7964    22.4935     6.5929  0.000e+00
     31.057  121.79420   25.18828    24.8020    33.7968    22.4940     6.5922  0.000e+00
