CTD/2-1.cnv
* Sea-Bird SBE 9 Data File:
* FileName = D:\ctddata\cr2381\2-1.hex
* Software Version Seasave V 7.20g
* Temperature SN = 6284
* Conductivity SN = 4751
* Number of Bytes Per Scan = 34
* Number of Voltage Words = 5
* Number of Scans Averaged by the Deck Unit = 1
* NMEA Latitude = 25 11.80 N
* NMEA Longitude = 121 47.88 E
* NMEA UTC (Time) = Oct 07 2019  02:24:37
** Ship: OR2
** Station: 2-1
** Operator: CR2381
# nquan = 8
# nvalues = 7868                                  
# units = specified
# name 0 = depSM: Depth [salt water, m]
# name 1 = longitude: Longitude [deg]
# name 2 = latitude: Latitude [deg]
# name 3 = t090C: Temperature [ITS-90, deg C]
# name 4 = sal00: Salinity, Practical [PSU]
# name 5 = sigma-é00: Density [sigma-theta, kg/m^3]
# name 6 = sbeox0Mg/L: Oxygen, SBE 43 [mg/l]
# name 7 = flag:  0.000e+00
# span 0 =      1.221,    110.894                 
# span 1 =  121.79748,  121.79802                 
# span 2 =   25.19670,   25.19698                 
# span 3 =    17.7185,    25.2214                 
# span 4 =    33.7313,    34.3434                 
# span 5 =    22.3165,    24.8424                 
# span 6 =     5.6941,     6.6186                 
# span 7 = 0.0000e+00, 0.0000e+00                 
# interval = seconds: 0.0416667
# start_time = Oct 07 2019 02:24:37 [NMEA time, header]
# bad_flag = -9.990e-29
*END*
[from data line 899]
     23.999  121.79800   25.19672    24.5608    33.7761    22.5502     6.4559  0.000e+00
     23.999  121.79800   25.19672    24.5594    33.7783    22.5523     6.4556  0.000e+00
     24.057  121.79800   25.19672    24.5634    33.7774    22.5504     6.4510  0.000e+00
     24.108  121.79800   25.19672    24.5673    33.7755    22.5478     6.4462  0.000e+00
     24.057  121.79800   25.19672    24.5683    33.7749    22.5470     6.4453  0.000e+00
     24.108  121.79800   25.19672    24.5698    33.7747    22.5465     6.4448  0.000e+00
     24.108  121.79800   25.19672    24.5739    33.7746    22.5451     6.4401  0.000e+00
     24.159  121.79800   25.19672    24.5797    33.7746    22.5434     6.4390  0.000e+00
     24.159  121.79800   25.19672    24.5811    33.7733    22.5420     6.4384  0.000e+00
     24.217  121.79800   25.19672    24.5785    33.7729    22.5425     6.4345  0.000e+00
     24.181  121.79800   25.19672    24.5753    33.7725    22.5432     6.4382  0.000e+00
     24.159  121.79800   25.19672    24.5701    33.7729    22.5450     6.4385  0.000e+00
     24.268  121.79800   25.19672    24.5637    33.7748    22.5483     6.4391  0.000e+00
     24.326  121.79800   25.19672    24.5611    33.7756    22.5497     6.4393  0.000e+00
     24.268  121.79800   25.19672    24.5596    33.7754    22.5500     6.4395  0.000e+00
     24.268  121.79800   25.19672    24.5528    33.7754    22.5520     6.4403  0.000e+00
     24.268  121.79800   25.19672    24.5425    33.7778    22.5569     6.4415  0.000e+00
     24.376  121.79800   25.19672    24.5381    33.7795    22.5596     6.4420  0.000e+00
     24.326  121.79800   25.19672    24.5384    33.7802    22.5600     6.4420  0.000e+00
     24.326  121.79800   25.19672    24.5370    33.7804    22.5605     6.4461  0.000e+00
     24.376  121.79800   25.19672    24.5349    33.7807    22.5614     6.4466  0.000e+00
     24.427  121.79800   25.19672    24.5341    33.7813    22.5621     6.4469  0.000e+00
     24.391  121.79800   25.19672    24.5361    33.7807    22.5611     6.4470  0.000e+00
     24.376  121.79800   25.19672    24.5370    33.7805    22.5606     6.4469  0.000e+00
     24.485  121.79800   25.19672    24.5367    33.7806    22.5608     6.4472  0.000e+00
     24.427  121.79800   25.19672    24.5356    33.7797    22.5604     6.4472  0.000e+00
     24.485  121.79800   25.19672    24.5320    33.7801    22.5619     6.4517  0.000e+00
     24.376  121.79800   25.19672    24.5304    33.7810    22.5630     6.4481  0.000e+00
     24.536  121.79800   25.19672    24.5315    33.7809    22.5626     6.4481  0.000e+00
     24.536  121.79800   25.19672    24.5315    33.7808    22.5625     6.4482  0.000e+00
     24.485  121.79800   25.19672    24.5302    33.7808    22.5629     6.4486  0.000e+00
     24.485  121.79800   25.19672    24.5280    33.7818    22.5644     6.4527  0.000e+00
     24.536  121.79800   25.19672    24.5292    33.7819    22.5641     6.4530  0.000e+00
     24.645  121.79800   25.19672    24.5309    33.7815    22.5632     6.4533  0.000e+00
     24.500  121.79800   25.19672    24.5313    33.7814    22.5630     6.4535  0.000e+00
     24.536  121.79800   25.19672    24.5313    33.7813    22.5630     6.4542  0.000e+00
     24.645  121.79800   25.19672    24.5313    33.7808    22.5626     6.4550  0.000e+00
     24.594  121.79800   25.19672    24.5300    33.7810    22.5631     6.4560  0.000e+00
     24.645  121.79800   25.19672    24.5283    33.7815    22.5640     6.4611  0.000e+00
     24.645  121.79800   25.19672    24.5280    33.7821    22.5646     6.4621  0.000e+00
     24.594  121.79800   25.19672    24.5280    33.7822    22.5647     6.4633  0.000e+00
     24.695  121.79800   25.19672    24.5295    33.7813    22.5635     6.4645  0.000e+00
     24.645  121.79800   25.19672    24.5295    33.7816    22.5637     6.4658  0.000e+00
     24.695  121.79800   25.19672    24.5288    33.7815    22.5639     6.4673  0.000e+00
     24.695  121.79800   25.19672    24.5284    33.7818    22.5642     6.4684  0.000e+00
     24.717  121.79800   25.19672    24.5285    33.7819    22.5643     6.4696  0.000e+00
     24.695  121.79800   25.19672    24.5283    33.7820    22.5644     6.4669  0.000e+00
     24.695  121.79800   25.19672    24.5286    33.7815    22.5640     6.4676  0.000e+00
     24.753  121.79800   25.19672    24.5287    33.7816    22.5640     6.4723  0.000e+00
     24.753  121.79800   25.19672    24.5285    33.7819    22.5642     6.4692  0.000e+00
     24.753  121.79800   25.19672    24.5288    33.7814    22.5638     6.4658  0.000e+00
     24.753  121.79800   25.19672    24.5283    33.7814    22.5640     6.4660  0.000e+00
     24.753  121.79800   25.19672    24.5280    33.7811    22.5639     6.4659  0.000e+00
     24.804  121.79800   25.19672    24.5272    33.7815    22.5644     6.4659  0.000e+00
     24.804  121.79800   25.19672    24.5272    33.7816    22.5644     6.4657  0.000e+00
     24.826  121.79800   25.19672    24.5265    33.7821    22.5650     6.4615  0.000e+00
     24.804  121.79800   25.19672    24.5265    33.7821    22.5650     6.4609  0.000e+00
     24.862  121.79800   25.19672    24.5270    33.7817    22.5646     6.4603  0.000e+00
     24.804  121.79800   25.19672    24.5272    33.7817    22.5645     6.4594  0.000e+00
     24.913  121.79800   25.19672    24.5272    33.7813    22.5642     6.4589  0.000e+00
     24.913  121.79800   25.19672    24.5270    33.7813    22.5643     6.4583  0.000e+00
     24.862  121.79800   25.19672    24.5270    33.7816    22.5645     6.4615  0.000e+00
     24.862  121.79800   25.19672    24.5272    33.7817    22.5645     6.4572  0.000e+00
     24.913  121.79800   25.19672    24.5274    33.7814    22.5642     6.4604  0.000e+00
     24.964  121.79800   25.19672    24.5270    33.7813    22.5643     6.4601  0.000e+00
     24.913  121.79800   25.19672    24.5270    33.7817    22.5646     6.4596  0.000e+00
     24.985  121.79800   25.19672    24.5270    33.7814    22.5644     6.4593  0.000e+00
     25.022  121.79800   25.19672    24.5268    33.7814    22.5645     6.4589  0.000e+00
     24.964  121.79800   25.19672    24.5265    33.7814    22.5645     6.4587  0.000e+00
     24.964  121.79800   25.19672    24.5267    33.7817    22.5647     6.4546  0.000e+00
     25.022  121.79800   25.19672    24.5274    33.7815    22.5643     6.4580  0.000e+00
     25.131  121.79800   25.19672    24.5275    33.7815    22.5643     6.4540  0.000e+00
     25.073  121.79800   25.19672    24.5278    33.7813    22.5641     6.4535  0.000e+00
     25.072  121.79800   25.19672    24.5280    33.7814    22.5641     6.4531  0.000e+00
     25.131  121.79800   25.19672    24.5280    33.7812    22.5639     6.4566  0.000e+00
     25.094  121.79800   25.19672    24.5278    33.7815    22.5643     6.4528  0.000e+00
     25.181  121.79800   25.19672    24.5281    33.7814    22.5640     6.4486  0.000e+00
     25.181  121.79800   25.19672    24.5294    33.7811    22.5634     6.4517  0.000e+00
     25.239  121.79800   25.19672    24.5302    33.7809    22.5631     6.4474  0.000e+00
     25.181  121.79800   25.19672    24.5308    33.7808    22.5628     6.4468  0.000e+00
     25.290  121.79800   25.19672    24.5311    33.7808    22.5627     6.4465  0.000e+00
     25.341  121.79800   25.19672    24.5309    33.7806    22.5626     6.4463  0.000e+00
     25.290  121.79800   25.19672    24.5309    33.7809    22.5628     6.4499  0.000e+00
     25.341  121.79800   25.19672    24.5315    33.7811    22.5628     6.4498  0.000e+00
     25.399  121.79800   25.19672    24.5338    33.7805    22.5617     6.4458  0.000e+00
     25.363  121.79800   25.19672    24.5354    33.7797    22.5606     6.4455  0.000e+00
     25.508  121.79800   25.19672    24.5356    33.7794    22.5603     6.4454  0.000e+00
     25.508  121.79800   25.19672    24.5349    33.7793    22.5604     6.4456  0.000e+00
     25.559  121.79800   25.19672    24.5343    33.7796    22.5609     6.4458  0.000e+00
     25.609  121.79800   25.19672    24.5329    33.7798    22.5615     6.4462  0.000e+00
     25.559  121.79800   25.19672    24.5304    33.7804    22.5626     6.4467  0.000e+00
     25.667  121.79800   25.19672    24.5313    33.7811    22.5629     6.4430  0.000e+00
     25.609  121.79800   25.19672    24.5356    33.7806    22.5612     6.4426  0.000e+00
     25.776  121.79800   25.19672    24.5395    33.7794    22.5592     6.4425  0.000e+00
     25.842  121.79800   25.19672    24.5416    33.7787    22.5580     6.4425  0.000e+00
     25.827  121.79800   25.19672    24.5427    33.7781    22.5572     6.4424  0.000e+00
     25.827  121.79800   25.19672    24.5461    33.7777    22.5559     6.4421  0.000e+00
     25.878  121.79800   25.19672    24.5493    33.7764    22.5540     6.4421  0.000e+00
     25.987  121.79800   25.19672    24.5487    33.7758    22.5537     6.4424  0.000e+00
     25.987  121.79800   25.19672    24.5454    33.7772    22.5558     6.4426  0.000e+00
     26.045  121.79800   25.19672    24.5418    33.7782    22.5576     6.4430  0.000e+00
     26.045  121.79800   25.19672    24.5373    33.7792    22.5597     6.4434  0.000e+00
     26.168  121.79800   25.19672    24.5338    33.7805    22.5617     6.4400  0.000e+00
     26.255  121.79800   25.19672    24.5338    33.7809    22.5621     6.4437  0.000e+00
     26.255  121.79800   25.19672    24.5352    33.7808    22.5615     6.4434  0.000e+00
     26.313  121.79800   25.19672    24.5375    33.7793    22.5597     6.4431  0.000e+00
     26.313  121.79800   25.19672    24.5354    33.7790    22.5601     6.4432  0.000e+00
     26.473  121.79800   25.19672    24.5294    33.7802    22.5629     6.4477  0.000e+00
     26.422  121.79800   25.19672    24.5232    33.7818    22.5659     6.4484  0.000e+00
     26.524  121.79800   25.19672    24.5196    33.7826    22.5676     6.4451  0.000e+00
     26.545  121.79800   25.19672    24.5174    33.7836    22.5690     6.4494  0.000e+00
     26.690  121.79800   25.19672    24.5164    33.7850    22.5703     6.4497  0.000e+00
     26.632  121.79800   25.19672    24.5197    33.7854    22.5696     6.4497  0.000e+00
     26.741  121.79800   25.19672    24.5258    33.7845    22.5672     6.4496  0.000e+00
     26.741  121.79800   25.19672    24.5287    33.7845    22.5663     6.4536  0.000e+00
     26.792  121.79800   25.19672    24.5330    33.7837    22.5644     6.4539  0.000e+00
     26.901  121.79800   25.19672    24.5404    33.7824    22.5613     6.4500  0.000e+00
     26.973  121.79800   25.19672    24.5470    33.7803    22.5577     6.4499  0.000e+00
     27.061  121.79800   25.19672    24.5480    33.7791    22.5565     6.4540  0.000e+00
     27.061  121.79800   25.19672    24.5440    33.7785    22.5572     6.4514  0.000e+00
     27.119  121.79800   25.19672    24.5392    33.7786    22.5588     6.4561  0.000e+00
     27.119  121.79800   25.19672    24.5358    33.7794    22.5604     6.4532  0.000e+00
     27.227  121.79800   25.19672    24.5360    33.7787    22.5598     6.4536  0.000e+00
     27.336  121.79800   25.19672    24.5368    33.7777    22.5588     6.4541  0.000e+00
     27.402  121.79800   25.19672    24.5354    33.7787    22.5600     6.4546  0.000e+00
     27.438  121.79800   25.19672    24.5334    33.7806    22.5620     6.4511  0.000e+00
     27.438  121.79800   25.19672    24.5313    33.7824    22.5640     6.4514  0.000e+00
     27.496  121.79800   25.19672    24.5243    33.7874    22.5699     6.4519  0.000e+00
     27.496  121.79800   25.19672    24.5208    33.7911    22.5737     6.4521  0.000e+00
     27.656  121.79800   25.19672    24.5268    33.7910    22.5718     6.4476  0.000e+00
     27.721  121.79800   25.19672    24.5373    33.7870    22.5657     6.4463  0.000e+00
     27.764  121.79800   25.19672    24.5418    33.7855    22.5632     6.4459  0.000e+00
     27.764  121.79800   25.19672    24.5420    33.7844    22.5624     6.4459  0.000e+00
     27.815  121.79800   25.19672    24.5399    33.7854    22.5637     6.4421  0.000e+00
     27.873  121.79800   25.19672    24.5413    33.7847    22.5628     6.4455  0.000e+00
     27.924  121.79800   25.19672    24.5420    33.7845    22.5624     6.4453  0.000e+00
     27.989  121.79800   25.19672    24.5407    33.7846    22.5629     6.4453  0.000e+00
     28.033  121.79800   25.19672    24.5317    33.7875    22.5678     6.4423  0.000e+00
     28.084  121.79800   25.19672    24.5184    33.7935    22.5762     6.4432  0.000e+00
     28.142  121.79800   25.19672    24.5043    33.8003    22.5856     6.4482  0.000e+00
     28.193  121.79800   25.19672    24.4945    33.8047    22.5919     6.4450  0.000e+00
     28.193  121.79800   25.19672    24.4898    33.8079    22.5957     6.4488  0.000e+00
     28.316  121.79800   25.19672    24.4931    33.8064    22.5936     6.4444  0.000e+00
     28.301  121.79800   25.19672    24.4964    33.8047    22.5913     6.4475  0.000e+00
     28.410  121.79800   25.19672    24.4916    33.8065    22.5941     6.4478  0.000e+00
     28.352  121.79800   25.19672    24.4855    33.8088    22.5977     6.4482  0.000e+00
     28.519  121.79800   25.19672    24.4806    33.8117    22.6013     6.4485  0.000e+00
     28.519  121.79800   25.19672    24.4782    33.8132    22.6032     6.4524  0.000e+00
     28.534  121.79800   25.19672    24.4767    33.8138    22.6041     6.4526  0.000e+00
     28.570  121.79800   25.19672    24.4757    33.8144    22.6048     6.4527  0.000e+00
     28.679  121.79800   25.19672    24.4750    33.8149    22.6055     6.4529  0.000e+00
     28.729  121.79800   25.19672    24.4748    33.8148    22.6054     6.4527  0.000e+00
     28.729  121.79800   25.19672    24.4753    33.8141    22.6047     6.4527  0.000e+00
     28.802  121.79800   25.19672    24.4750    33.8142    22.6049     6.4528  0.000e+00
     28.788  121.79800   25.19672    24.4753    33.8142    22.6048     6.4528  0.000e+00
     28.889  121.79800   25.19672    24.4748    33.8139    22.6048     6.4568  0.000e+00
     28.889  121.79800   25.19672    24.4742    33.8137    22.6047     6.4574  0.000e+00
     28.998  121.79800   25.19672    24.4736    33.8135    22.6048     6.4542  0.000e+00
     28.998  121.79800   25.19672    24.4740    33.8132    22.6045     6.4542  0.000e+00
     29.012  121.79800   25.19672    24.4744    33.8125    22.6038     6.4505  0.000e+00
     29.107  121.79800   25.19672    24.4757    33.8114    22.6026     6.4544  0.000e+00
     29.107  121.79800   25.19672    24.4764    33.8109    22.6020     6.4508  0.000e+00
     29.158  121.79800   25.19672    24.4771    33.8103    22.6014     6.4470  0.000e+00
     29.266  121.79800   25.19672    24.4771    33.8103    22.6013     6.4472  0.000e+00
     29.230  121.79800   25.19672    24.4778    33.8095    22.6006     6.4434  0.000e+00
     29.324  121.79800   25.19672    24.4787    33.8071    22.5985     6.4509  0.000e+00
     29.266  121.79800   25.19672    24.4790    33.8073    22.5985     6.4472  0.000e+00
     29.375  121.79800   25.19672    24.4784    33.8092    22.6001     6.4437  0.000e+00
     29.426  121.79800   25.19672    24.4760    33.8123    22.6032     6.4437  0.000e+00
     29.390  121.79800   25.19672    24.4741    33.8150    22.6059     6.4439  0.000e+00
     29.484  121.79800   25.19672    24.4728    33.8165    22.6073     6.4401  0.000e+00
     29.535  121.79800   25.19672    24.4725    33.8165    22.6075     6.4438  0.000e+00
     29.535  121.79800   25.19672    24.4728    33.8158    22.6068     6.4322  0.000e+00
     29.593  121.79800   25.19672    24.4734    33.8149    22.6060     6.4354  0.000e+00
     29.607  121.79800   25.19672    24.4739    33.8145    22.6055     6.4425  0.000e+00
     29.644  121.79800   25.19672    24.4739    33.8144    22.6055     6.4425  0.000e+00
     29.644  121.79800   25.19672    24.4739    33.8147    22.6057     6.4424  0.000e+00
     29.644  121.79800   25.19672    24.4736    33.8150    22.6060     6.4308  0.000e+00
     29.753  121.79800   25.19672    24.4732    33.8155    22.6065     6.4339  0.000e+00
