CTD/2-1.cnv
* Sea-Bird SBE 9 Data File:
* FileName = D:\ctddata\cr2381\2-1.hex
* Software Version Seasave V 7.20g
* Temperature SN = 6284
* Conductivity SN = 4751
* Number of Bytes Per Scan = 34
* Number of Voltage Words = 5
* Number of Scans Averaged by the Deck Unit = 1
* NMEA Latitude = 25 11.80 N
* NMEA Longitude = 121 47.88 E
* NMEA UTC (Time) = Oct 07 2019  02:24:37
** Ship: OR2
** Station: 2-1
** Operator: CR2381
# nquan = 8
# nvalues = 7868                                  
# units = specified
# name 0 = depSM: Depth [salt water, m]
# name 1 = longitude: Longitude [deg]
# name 2 = latitude: Latitude [deg]
# name 3 = t090C: Temperature [ITS-90, deg C]
# name 4 = sal00: Salinity, Practical [PSU]
# name 5 = sigma-é00: Density [sigma-theta, kg/m^3]
# name 6 = sbeox0Mg/L: Oxygen, SBE 43 [mg/l]
# name 7 = flag:  0.000e+00
# span 0 =      1.221,    110.894                 
# span 1 =  121.79748,  121.79802                 
# span 2 =   25.19670,   25.19698                 
# span 3 =    17.7185,    25.2214                 
# span 4 =    33.7313,    34.3434                 
# span 5 =    22.3165,    24.8424                 
# span 6 =     5.6941,     6.6186                 
# span 7 = 0.0000e+00, 0.0000e+00                 
# interval = seconds: 0.0416667
# start_time = Oct 07 2019 02:24:37 [NMEA time, header]
# bad_flag = -9.990e-29
*END*
[from data line 3956]
    101.841  121.79782   25.19680    17.8303    34.3296    24.8044     5.7498  0.000e+00
    101.841  121.79782   25.19680    17.8299    34.3296    24.8045     5.7499  0.000e+00
    101.783  121.79782   25.19680    17.8298    34.3296    24.8045     5.7499  0.000e+00
    101.717  121.79782   25.19680    17.8294    34.3296    24.8046     5.7498  0.000e+00
    101.732  121.79782   25.19680    17.8294    34.3298    24.8048     5.7496  0.000e+00
    101.732  121.79782   25.19680    17.8295    34.3300    24.8049     5.7498  0.000e+00
    101.674  121.79782   25.19680    17.8294    34.3302    24.8051     5.7498  0.000e+00
    101.572  121.79782   25.19680    17.8293    34.3302    24.8051     5.7494  0.000e+00
    101.390  121.79782   25.19680    17.8293    34.3301    24.8050     5.7492  0.000e+00
    101.674  121.79782   25.19680    17.8296    34.3298    24.8047     5.7492  0.000e+00
    101.572  121.79782   25.19680    17.8298    34.3305    24.8052     5.7489  0.000e+00
    101.623  121.79782   25.19680    17.8299    34.3300    24.8048     5.7487  0.000e+00
    101.405  121.79782   25.19680    17.8301    34.3300    24.8047     5.7528  0.000e+00
    101.514  121.79782   25.19680    17.8303    34.3297    24.8044     5.7483  0.000e+00
    101.390  121.79782   25.19680    17.8305    34.3293    24.8041     5.7478  0.000e+00
    101.194  121.79782   25.19680    17.8305    34.3297    24.8044     5.7471  0.000e+00
    101.623  121.79782   25.19680    17.8303    34.3293    24.8042     5.7469  0.000e+00
    101.194  121.79782   25.19680    17.8299    34.3299    24.8047     5.7464  0.000e+00
    101.296  121.79782   25.19680    17.8299    34.3297    24.8045     5.7462  0.000e+00
    101.281  121.79782   25.19680    17.8299    34.3295    24.8044     5.7459  0.000e+00
    101.194  121.79782   25.19680    17.8298    34.3300    24.8048     5.7454  0.000e+00
    101.136  121.79782   25.19680    17.8301    34.3301    24.8048     5.7449  0.000e+00
    101.245  121.79782   25.19680    17.8299    34.3301    24.8048     5.7445  0.000e+00
    101.136  121.79782   25.19680    17.8301    34.3296    24.8044     5.7395  0.000e+00
    101.121  121.79782   25.19680    17.8296    34.3298    24.8047     5.7431  0.000e+00
    101.136  121.79782   25.19680    17.8296    34.3296    24.8046     5.7429  0.000e+00
    101.027  121.79782   25.19680    17.8293    34.3305    24.8053     5.7426  0.000e+00
    101.027  121.79782   25.19680    17.8296    34.3298    24.8047     5.7374  0.000e+00
    101.085  121.79782   25.19680    17.8296    34.3302    24.8050     5.7409  0.000e+00
    100.903  121.79782   25.19680    17.8299    34.3303    24.8050     5.7400  0.000e+00
    101.027  121.79782   25.19680    17.8298    34.3298    24.8046     5.7353  0.000e+00
    100.976  121.79782   25.19680    17.8296    34.3302    24.8050     5.7345  0.000e+00
    100.925  121.79782   25.19680    17.8293    34.3304    24.8052     5.7292  0.000e+00
    100.867  121.79782   25.19680    17.8298    34.3305    24.8052     5.7325  0.000e+00
    100.867  121.79782   25.19680    17.8298    34.3311    24.8056     5.7316  0.000e+00
    100.853  121.79782   25.19680    17.8308    34.3299    24.8044     5.7307  0.000e+00
    100.867  121.79782   25.19680    17.8305    34.3300    24.8046     5.7303  0.000e+00
    100.816  121.79782   25.19680    17.8301    34.3299    24.8047     5.7299  0.000e+00
    100.758  121.79782   25.19680    17.8298    34.3305    24.8052     5.7294  0.000e+00
    100.816  121.79782   25.19680    17.8289    34.3303    24.8052     5.7246  0.000e+00
    100.744  121.79782   25.19680    17.8283    34.3303    24.8054     5.7283  0.000e+00
    100.707  121.79782   25.19680    17.8280    34.3302    24.8054     5.7279  0.000e+00
    100.758  121.79782   25.19680    17.8275    34.3304    24.8056     5.7275  0.000e+00
    100.649  121.79782   25.19680    17.8274    34.3307    24.8059     5.7226  0.000e+00
    100.635  121.79782   25.19680    17.8269    34.3301    24.8056     5.7263  0.000e+00
    100.649  121.79782   25.19680    17.8263    34.3300    24.8056     5.7219  0.000e+00
    100.649  121.79782   25.19680    17.8257    34.3301    24.8058     5.7260  0.000e+00
    100.547  121.79782   25.19680    17.8257    34.3307    24.8063     5.7256  0.000e+00
    100.598  121.79782   25.19680    17.8255    34.3310    24.8066     5.7252  0.000e+00
    100.584  121.79782   25.19680    17.8255    34.3305    24.8062     5.7253  0.000e+00
    100.547  121.79782   25.19680    17.8237    34.3301    24.8064     5.7255  0.000e+00
    100.438  121.79782   25.19680    17.8217    34.3302    24.8069     5.7256  0.000e+00
    100.489  121.79782   25.19680    17.8193    34.3307    24.8079     5.7259  0.000e+00
    100.438  121.79782   25.19680    17.8177    34.3307    24.8083     5.7261  0.000e+00
    100.417  121.79782   25.19680    17.8160    34.3311    24.8089     5.7264  0.000e+00
    100.438  121.79782   25.19680    17.8149    34.3311    24.8093     5.7221  0.000e+00
    100.380  121.79782   25.19680    17.8142    34.3319    24.8100     5.7264  0.000e+00
    100.380  121.79782   25.19680    17.8143    34.3320    24.8101     5.7265  0.000e+00
    100.279  121.79782   25.19680    17.8145    34.3318    24.8099     5.7221  0.000e+00
    100.315  121.79782   25.19680    17.8149    34.3321    24.8100     5.7264  0.000e+00
    100.279  121.79782   25.19680    17.8147    34.3321    24.8101     5.7265  0.000e+00
    100.279  121.79782   25.19680    17.8144    34.3317    24.8098     5.7227  0.000e+00
    100.221  121.79782   25.19680    17.8147    34.3314    24.8095     5.7225  0.000e+00
    100.170  121.79782   25.19680    17.8149    34.3318    24.8098     5.7269  0.000e+00
    100.206  121.79782   25.19680    17.8153    34.3320    24.8098     5.7226  0.000e+00
    100.112  121.79782   25.19680    17.8160    34.3314    24.8092     5.7225  0.000e+00
    100.061  121.79782   25.19680    17.8159    34.3315    24.8093     5.7270  0.000e+00
    100.170  121.79782   25.19680    17.8167    34.3320    24.8095     5.7228  0.000e+00
    100.046  121.79782   25.19680    17.8176    34.3321    24.8093     5.7227  0.000e+00
    100.061  121.79782   25.19680    17.8187    34.3314    24.8085     5.7271  0.000e+00
     99.952  121.79782   25.19680    17.8191    34.3313    24.8083     5.7230  0.000e+00
     99.952  121.79782   25.19680    17.8198    34.3318    24.8086     5.7230  0.000e+00
     99.952  121.79782   25.19680    17.8215    34.3319    24.8082     5.7226  0.000e+00
     99.988  121.79782   25.19680    17.8233    34.3313    24.8073     5.7226  0.000e+00
     99.901  121.79782   25.19680    17.8244    34.3312    24.8070     5.7226  0.000e+00
     99.792  121.79782   25.19680    17.8258    34.3305    24.8061     5.7227  0.000e+00
     99.901  121.79782   25.19680    17.8266    34.3305    24.8059     5.7225  0.000e+00
     99.770  121.79782   25.19680    17.8272    34.3309    24.8061     5.7226  0.000e+00
     99.792  121.79782   25.19680    17.8279    34.3309    24.8059     5.7229  0.000e+00
     99.734  121.79782   25.19680    17.8283    34.3304    24.8054     5.7272  0.000e+00
     99.734  121.79782   25.19680    17.8286    34.3306    24.8055     5.7275  0.000e+00
     99.632  121.79782   25.19680    17.8286    34.3307    24.8056     5.7274  0.000e+00
     99.719  121.79782   25.19680    17.8289    34.3309    24.8056     5.7277  0.000e+00
     99.632  121.79782   25.19680    17.8298    34.3306    24.8052     5.7278  0.000e+00
     99.574  121.79782   25.19680    17.8305    34.3302    24.8047     5.7280  0.000e+00
     99.574  121.79782   25.19680    17.8303    34.3301    24.8047     5.7284  0.000e+00
     99.559  121.79782   25.19680    17.8298    34.3299    24.8047     5.7287  0.000e+00
     99.523  121.79782   25.19680    17.8287    34.3299    24.8049     5.7291  0.000e+00
     99.523  121.79782   25.19680    17.8280    34.3300    24.8051     5.7291  0.000e+00
     99.465  121.79782   25.19680    17.8277    34.3305    24.8056     5.7294  0.000e+00
     99.341  121.79782   25.19680    17.8280    34.3306    24.8056     5.7295  0.000e+00
     99.414  121.79782   25.19680    17.8286    34.3306    24.8055     5.7298  0.000e+00
     99.414  121.79782   25.19680    17.8289    34.3297    24.8047     5.7297  0.000e+00
     99.356  121.79782   25.19680    17.8282    34.3300    24.8051     5.7300  0.000e+00
     99.356  121.79782   25.19680    17.8273    34.3305    24.8057     5.7300  0.000e+00
     99.232  121.79782   25.19680    17.8276    34.3306    24.8058     5.7301  0.000e+00
     99.305  121.79782   25.19680    17.8280    34.3305    24.8056     5.7304  0.000e+00
     99.254  121.79782   25.19680    17.8286    34.3305    24.8054     5.7305  0.000e+00
     99.196  121.79782   25.19680    17.8291    34.3307    24.8055     5.7307  0.000e+00
     99.232  121.79782   25.19680    17.8296    34.3308    24.8054     5.7309  0.000e+00
     99.145  121.79782   25.19680    17.8299    34.3297    24.8045     5.7311  0.000e+00
     99.196  121.79782   25.19680    17.8294    34.3303    24.8051     5.7314  0.000e+00
     99.145  121.79782   25.19680    17.8296    34.3299    24.8047     5.7272  0.000e+00
     99.123  121.79782   25.19680    17.8291    34.3304    24.8052     5.7316  0.000e+00
     99.036  121.79782   25.19680    17.8286    34.3299    24.8050     5.7315  0.000e+00
     99.087  121.79782   25.19680    17.8281    34.3303    24.8053     5.7318  0.000e+00
     99.036  121.79782   25.19680    17.8277    34.3300    24.8052     5.7366  0.000e+00
     99.073  121.79782   25.19680    17.8277    34.3301    24.8053     5.7323  0.000e+00
     98.927  121.79782   25.19680    17.8272    34.3300    24.8053     5.7370  0.000e+00
     98.927  121.79782   25.19680    17.8262    34.3300    24.8056     5.7377  0.000e+00
     99.036  121.79782   25.19680    17.8251    34.3296    24.8055     5.7336  0.000e+00
     98.927  121.79782   25.19680    17.8244    34.3300    24.8060     5.7379  0.000e+00
     98.964  121.79782   25.19680    17.8238    34.3307    24.8067     5.7384  0.000e+00
     98.876  121.79782   25.19680    17.8234    34.3303    24.8065     5.7341  0.000e+00
     98.876  121.79782   25.19680    17.8231    34.3306    24.8068     5.7383  0.000e+00
     98.876  121.79782   25.19680    17.8233    34.3309    24.8069     5.7387  0.000e+00
     98.913  121.79782   25.19680    17.8232    34.3312    24.8072     5.7388  0.000e+00
     98.818  121.79782   25.19680    17.8228    34.3312    24.8073     5.7388  0.000e+00
     98.876  121.79782   25.19680    17.8228    34.3307    24.8070     5.7393  0.000e+00
     98.767  121.79780   25.19680    17.8228    34.3309    24.8071     5.7392  0.000e+00
     98.804  121.79780   25.19680    17.8232    34.3316    24.8076     5.7391  0.000e+00
     98.767  121.79780   25.19680    17.8238    34.3315    24.8073     5.7434  0.000e+00
     98.767  121.79780   25.19680    17.8247    34.3313    24.8069     5.7436  0.000e+00
     98.767  121.79780   25.19680    17.8260    34.3310    24.8064     5.7436  0.000e+00
     98.746  121.79780   25.19680    17.8272    34.3308    24.8060     5.7436  0.000e+00
     98.658  121.79780   25.19680    17.8279    34.3309    24.8058     5.7436  0.000e+00
     98.767  121.79780   25.19680    17.8284    34.3310    24.8058     5.7437  0.000e+00
     98.709  121.79780   25.19680    17.8291    34.3309    24.8055     5.7436  0.000e+00
     98.695  121.79780   25.19680    17.8301    34.3302    24.8048     5.7483  0.000e+00
     98.658  121.79780   25.19680    17.8310    34.3301    24.8045     5.7488  0.000e+00
     98.658  121.79780   25.19680    17.8315    34.3299    24.8042     5.7494  0.000e+00
     98.658  121.79780   25.19680    17.8318    34.3299    24.8041     5.7455  0.000e+00
     98.644  121.79780   25.19680    17.8317    34.3301    24.8043     5.7501  0.000e+00
     98.608  121.79780   25.19680    17.8318    34.3301    24.8043     5.7506  0.000e+00
     98.549  121.79780   25.19680    17.8318    34.3306    24.8046     5.7510  0.000e+00
     98.549  121.79780   25.19680    17.8318    34.3299    24.8041     5.7514  0.000e+00
     98.644  121.79780   25.19680    17.8322    34.3301    24.8042     5.7563  0.000e+00
     98.549  121.79780   25.19680    17.8325    34.3301    24.8041     5.7523  0.000e+00
     98.499  121.79780   25.19680    17.8327    34.3301    24.8040     5.7525  0.000e+00
     98.549  121.79780   25.19680    17.8327    34.3298    24.8038     5.7528  0.000e+00
     98.477  121.79780   25.19680    17.8327    34.3299    24.8039     5.7529  0.000e+00
     98.499  121.79780   25.19680    17.8327    34.3300    24.8040     5.7530  0.000e+00
     98.440  121.79780   25.19680    17.8328    34.3300    24.8039     5.7530  0.000e+00
     98.390  121.79780   25.19680    17.8328    34.3307    24.8044     5.7530  0.000e+00
     98.477  121.79780   25.19680    17.8332    34.3306    24.8043     5.7530  0.000e+00
     98.339  121.79780   25.19680    17.8330    34.3300    24.8039     5.7529  0.000e+00
     98.390  121.79780   25.19680    17.8332    34.3306    24.8043     5.7528  0.000e+00
     98.339  121.79780   25.19680    17.8348    34.3305    24.8039     5.7524  0.000e+00
     98.317  121.79780   25.19680    17.8361    34.3305    24.8035     5.7566  0.000e+00
     98.281  121.79780   25.19680    17.8380    34.3302    24.8028     5.7520  0.000e+00
     98.230  121.79780   25.19680    17.8390    34.3297    24.8022     5.7560  0.000e+00
     98.230  121.79780   25.19680    17.8396    34.3292    24.8017     5.7511  0.000e+00
     98.208  121.79780   25.19680    17.8396    34.3293    24.8018     5.7551  0.000e+00
     98.121  121.79780   25.19680    17.8399    34.3293    24.8017     5.7549  0.000e+00
     98.172  121.79780   25.19680    17.8401    34.3289    24.8013     5.7503  0.000e+00
     98.099  121.79780   25.19680    17.8399    34.3292    24.8016     5.7500  0.000e+00
     98.063  121.79780   25.19680    17.8395    34.3289    24.8014     5.7495  0.000e+00
     98.063  121.79780   25.19680    17.8392    34.3292    24.8018     5.7492  0.000e+00
     97.961  121.79780   25.19680    17.8394    34.3296    24.8021     5.7488  0.000e+00
     97.997  121.79780   25.19680    17.8397    34.3295    24.8019     5.7480  0.000e+00
     97.852  121.79780   25.19680    17.8396    34.3297    24.8021     5.7476  0.000e+00
     97.852  121.79780   25.19680    17.8397    34.3305    24.8026     5.7471  0.000e+00
     97.852  121.79780   25.19680    17.8431    34.3306    24.8019     5.7459  0.000e+00
     97.830  121.79780   25.19680    17.8473    34.3303    24.8006     5.7449  0.000e+00
     97.743  121.79780   25.19680    17.8489    34.3285    24.7988     5.7487  0.000e+00
     97.743  121.79780   25.19680    17.8467    34.3284    24.7993     5.7443  0.000e+00
     97.634  121.79780   25.19680    17.8455    34.3287    24.7999     5.7437  0.000e+00
     97.620  121.79780   25.19680    17.8464    34.3291    24.7999     5.7385  0.000e+00
     97.634  121.79780   25.19680    17.8466    34.3293    24.8001     5.7419  0.000e+00
     97.474  121.79780   25.19680    17.8487    34.3296    24.7998     5.7409  0.000e+00
     97.511  121.79780   25.19680    17.8522    34.3301    24.7993     5.7402  0.000e+00
     97.474  121.79780   25.19680    17.8574    34.3300    24.7979     5.7393  0.000e+00
     97.416  121.79780   25.19680    17.8619    34.3286    24.7958     5.7384  0.000e+00
     97.365  121.79780   25.19680    17.8649    34.3277    24.7943     5.7377  0.000e+00
     97.343  121.79780   25.19680    17.8678    34.3278    24.7937     5.7370  0.000e+00
     97.256  121.79780   25.19680    17.8711    34.3274    24.7926     5.7362  0.000e+00
     97.256  121.79780   25.19680    17.8754    34.3275    24.7916     5.7353  0.000e+00
     97.256  121.79780   25.19680    17.8796    34.3264    24.7897     5.7392  0.000e+00
