CTD/2-1.cnv
* Sea-Bird SBE 9 Data File:
* FileName = D:\ctddata\cr2381\2-1.hex
* Software Version Seasave V 7.20g
* Temperature SN = 6284
* Conductivity SN = 4751
* Number of Bytes Per Scan = 34
* Number of Voltage Words = 5
* Number of Scans Averaged by the Deck Unit = 1
* NMEA Latitude = 25 11.80 N
* NMEA Longitude = 121 47.88 E
* NMEA UTC (Time) = Oct 07 2019  02:24:37
** Ship: OR2
** Station: 2-1
** Operator: CR2381
# nquan = 8
# nvalues = 7868                                  
# units = specified
# name 0 = depSM: Depth [salt water, m]
# name 1 = longitude: Longitude [deg]
# name 2 = latitude: Latitude [deg]
# name 3 = t090C: Temperature [ITS-90, deg C]
# name 4 = sal00: Salinity, Practical [PSU]
# name 5 = sigma-é00: Density [sigma-theta, kg/m^3]
# name 6 = sbeox0Mg/L: Oxygen, SBE 43 [mg/l]
# name 7 = flag:  0.000e+00
# span 0 =      1.221,    110.894                 
# span 1 =  121.79748,  121.79802                 
# span 2 =   25.19670,   25.19698                 
# span 3 =    17.7185,    25.2214                 
# span 4 =    33.7313,    34.3434                 
# span 5 =    22.3165,    24.8424                 
# span 6 =     5.6941,     6.6186                 
# span 7 = 0.0000e+00, 0.0000e+00                 
# interval = seconds: 0.0416667
# start_time = Oct 07 2019 02:24:37 [NMEA time, header]
# bad_flag = -9.990e-29
*END*
[from data line 2158]
     64.718  121.79794   25.19674    19.1721    34.2483    24.4058     5.8342  0.000e+00
     64.827  121.79794   25.19674    19.1719    34.2484    24.4060     5.8276  0.000e+00
     64.827  121.79794   25.19674    19.1729    34.2476    24.4051     5.8293  0.000e+00
     64.877  121.79794   25.19674    19.1724    34.2469    24.4047     5.8312  0.000e+00
     64.877  121.79794   25.19674    19.1718    34.2471    24.4050     5.8290  0.000e+00
     64.877  121.79794   25.19674    19.1704    34.2473    24.4055     5.8309  0.000e+00
     64.928  121.79794   25.19674    19.1693    34.2464    24.4051     5.8291  0.000e+00
     64.928  121.79794   25.19674    19.1668    34.2457    24.4052     5.8311  0.000e+00
     64.986  121.79794   25.19674    19.1617    34.2465    24.4072     5.8338  0.000e+00
     65.095  121.79794   25.19674    19.1574    34.2471    24.4087     5.8362  0.000e+00
     64.986  121.79794   25.19674    19.1556    34.2478    24.4096     5.8339  0.000e+00
     65.037  121.79794   25.19674    19.1560    34.2479    24.4097     5.8316  0.000e+00
     65.095  121.79794   25.19674    19.1553    34.2473    24.4094     5.8293  0.000e+00
     65.095  121.79794   25.19674    19.1531    34.2476    24.4102     5.8310  0.000e+00
     65.146  121.79794   25.19674    19.1515    34.2473    24.4103     5.8326  0.000e+00
     65.197  121.79794   25.19674    19.1495    34.2475    24.4110     5.8298  0.000e+00
     65.197  121.79794   25.19674    19.1480    34.2476    24.4115     5.8313  0.000e+00
     65.197  121.79794   25.19674    19.1472    34.2471    24.4113     5.8329  0.000e+00
     65.255  121.79794   25.19674    19.1460    34.2478    24.4121     5.8305  0.000e+00
     65.255  121.79794   25.19674    19.1450    34.2479    24.4125     5.8321  0.000e+00
     65.306  121.79794   25.19674    19.1443    34.2477    24.4125     5.8338  0.000e+00
     65.364  121.79794   25.19674    19.1430    34.2472    24.4125     5.8312  0.000e+00
     65.364  121.79794   25.19674    19.1412    34.2472    24.4129     5.8323  0.000e+00
     65.364  121.79794   25.19674    19.1399    34.2479    24.4137     5.8336  0.000e+00
     65.415  121.79794   25.19674    19.1396    34.2478    24.4138     5.8306  0.000e+00
     65.415  121.79794   25.19674    19.1403    34.2472    24.4131     5.8314  0.000e+00
     65.415  121.79794   25.19674    19.1400    34.2475    24.4134     5.8326  0.000e+00
     65.465  121.79794   25.19674    19.1391    34.2469    24.4132     5.8336  0.000e+00
     65.574  121.79794   25.19674    19.1370    34.2470    24.4138     5.8350  0.000e+00
     65.523  121.79794   25.19674    19.1352    34.2469    24.4142     5.8362  0.000e+00
     65.523  121.79794   25.19674    19.1325    34.2472    24.4151     5.8375  0.000e+00
     65.523  121.79794   25.19674    19.1307    34.2474    24.4158     5.8389  0.000e+00
     65.683  121.79794   25.19674    19.1292    34.2472    24.4160     5.8360  0.000e+00
     65.632  121.79794   25.19674    19.1283    34.2479    24.4168     5.8368  0.000e+00
     65.632  121.79794   25.19674    19.1285    34.2475    24.4164     5.8378  0.000e+00
     65.741  121.79794   25.19674    19.1284    34.2476    24.4165     5.8388  0.000e+00
     65.632  121.79794   25.19674    19.1282    34.2475    24.4164     5.8398  0.000e+00
     65.741  121.79794   25.19674    19.1283    34.2470    24.4160     5.8409  0.000e+00
     65.741  121.79794   25.19674    19.1278    34.2470    24.4162     5.8422  0.000e+00
     65.741  121.79794   25.19674    19.1271    34.2475    24.4167     5.8438  0.000e+00
     65.792  121.79794   25.19674    19.1282    34.2476    24.4165     5.8454  0.000e+00
     65.778  121.79794   25.19674    19.1301    34.2472    24.4158     5.8424  0.000e+00
     65.843  121.79794   25.19674    19.1316    34.2474    24.4155     5.8477  0.000e+00
     65.901  121.79794   25.19674    19.1321    34.2461    24.4144     5.8450  0.000e+00
     65.843  121.79794   25.19674    19.1315    34.2457    24.4143     5.8509  0.000e+00
     65.901  121.79794   25.19674    19.1321    34.2457    24.4141     5.8482  0.000e+00
     65.901  121.79794   25.19674    19.1319    34.2455    24.4140     5.8494  0.000e+00
     66.010  121.79794   25.19674    19.1302    34.2453    24.4143     5.8514  0.000e+00
     65.952  121.79794   25.19674    19.1280    34.2455    24.4150     5.8528  0.000e+00
     66.010  121.79794   25.19674    19.1270    34.2461    24.4157     5.8547  0.000e+00
     65.952  121.79794   25.19674    19.1273    34.2462    24.4157     5.8559  0.000e+00
     66.061  121.79794   25.19674    19.1285    34.2454    24.4148     5.8572  0.000e+00
     66.010  121.79794   25.19674    19.1280    34.2458    24.4152     5.8588  0.000e+00
     66.111  121.79794   25.19674    19.1271    34.2457    24.4154     5.8559  0.000e+00
     66.111  121.79794   25.19674    19.1264    34.2452    24.4151     5.8572  0.000e+00
     66.111  121.79794   25.19674    19.1259    34.2454    24.4155     5.8582  0.000e+00
     66.111  121.79794   25.19674    19.1259    34.2453    24.4154     5.8593  0.000e+00
     66.111  121.79794   25.19674    19.1258    34.2453    24.4154     5.8606  0.000e+00
     66.220  121.79794   25.19674    19.1250    34.2451    24.4155     5.8578  0.000e+00
     66.220  121.79794   25.19674    19.1250    34.2452    24.4155     5.8630  0.000e+00
     66.278  121.79794   25.19674    19.1258    34.2456    24.4157     5.8596  0.000e+00
     66.278  121.79794   25.19674    19.1259    34.2452    24.4153     5.8600  0.000e+00
     66.220  121.79794   25.19674    19.1259    34.2450    24.4151     5.8605  0.000e+00
     66.278  121.79794   25.19674    19.1261    34.2447    24.4148     5.8655  0.000e+00
     66.329  121.79794   25.19674    19.1261    34.2448    24.4149     5.8619  0.000e+00
     66.387  121.79794   25.19674    19.1259    34.2445    24.4148     5.8625  0.000e+00
     66.387  121.79794   25.19674    19.1263    34.2443    24.4145     5.8630  0.000e+00
     66.387  121.79794   25.19674    19.1261    34.2442    24.4145     5.8634  0.000e+00
     66.387  121.79794   25.19674    19.1256    34.2447    24.4150     5.8595  0.000e+00
     66.387  121.79794   25.19674    19.1252    34.2441    24.4147     5.8598  0.000e+00
     66.547  121.79794   25.19674    19.1245    34.2435    24.4144     5.8599  0.000e+00
     66.489  121.79794   25.19674    19.1247    34.2438    24.4145     5.8599  0.000e+00
     66.547  121.79794   25.19674    19.1245    34.2436    24.4144     5.8557  0.000e+00
     66.547  121.79794   25.19674    19.1227    34.2426    24.4142     5.8598  0.000e+00
     66.547  121.79794   25.19674    19.1204    34.2433    24.4153     5.8600  0.000e+00
     66.547  121.79794   25.19674    19.1197    34.2439    24.4159     5.8600  0.000e+00
     66.598  121.79794   25.19674    19.1192    34.2438    24.4160     5.8602  0.000e+00
     66.707  121.79794   25.19674    19.1182    34.2438    24.4163     5.8605  0.000e+00
     66.656  121.79794   25.19674    19.1178    34.2443    24.4167     5.8607  0.000e+00
     66.707  121.79794   25.19674    19.1173    34.2443    24.4168     5.8568  0.000e+00
     66.757  121.79794   25.19674    19.1164    34.2441    24.4169     5.8569  0.000e+00
     66.692  121.79794   25.19674    19.1147    34.2442    24.4174     5.8568  0.000e+00
     66.815  121.79794   25.19674    19.1128    34.2439    24.4177     5.8570  0.000e+00
     66.815  121.79794   25.19674    19.1109    34.2440    24.4182     5.8571  0.000e+00
     66.866  121.79794   25.19674    19.1081    34.2440    24.4189     5.8574  0.000e+00
     66.866  121.79794   25.19674    19.1057    34.2440    24.4196     5.8534  0.000e+00
     66.924  121.79794   25.19674    19.1017    34.2447    24.4211     5.8536  0.000e+00
     66.924  121.79794   25.19674    19.0980    34.2449    24.4222     5.8496  0.000e+00
     66.975  121.79794   25.19674    19.0952    34.2458    24.4236     5.8538  0.000e+00
     66.975  121.79794   25.19674    19.0934    34.2466    24.4247     5.8497  0.000e+00
     67.026  121.79794   25.19674    19.0942    34.2466    24.4245     5.8535  0.000e+00
     67.084  121.79794   25.19674    19.0938    34.2463    24.4244     5.8495  0.000e+00
     67.084  121.79794   25.19674    19.0924    34.2461    24.4246     5.8493  0.000e+00
     67.193  121.79794   25.19674    19.0916    34.2460    24.4247     5.8495  0.000e+00
     67.135  121.79794   25.19674    19.0893    34.2464    24.4256     5.8495  0.000e+00
     67.193  121.79794   25.19674    19.0866    34.2464    24.4263     5.8454  0.000e+00
     67.244  121.79794   25.19674    19.0840    34.2466    24.4271     5.8454  0.000e+00
     67.302  121.79794   25.19674    19.0812    34.2467    24.4279     5.8499  0.000e+00
     67.403  121.79794   25.19674    19.0786    34.2468    24.4286     5.8504  0.000e+00
     67.353  121.79794   25.19674    19.0762    34.2466    24.4291     5.8465  0.000e+00
     67.353  121.79794   25.19674    19.0729    34.2467    24.4300     5.8469  0.000e+00
     67.462  121.79794   25.19674    19.0684    34.2471    24.4314     5.8476  0.000e+00
     67.461  121.79794   25.19674    19.0631    34.2479    24.4334     5.8480  0.000e+00
     67.556  121.79794   25.19674    19.0572    34.2474    24.4346     5.8487  0.000e+00
     67.570  121.79794   25.19674    19.0503    34.2480    24.4367     5.8495  0.000e+00
     67.621  121.79794   25.19674    19.0455    34.2490    24.4388     5.8458  0.000e+00
     67.621  121.79794   25.19674    19.0420    34.2498    24.4402     5.8504  0.000e+00
     67.730  121.79794   25.19674    19.0379    34.2510    24.4422     5.8465  0.000e+00
     67.781  121.79794   25.19674    19.0350    34.2511    24.4431     5.8469  0.000e+00
     67.781  121.79794   25.19674    19.0323    34.2511    24.4437     5.8470  0.000e+00
     67.839  121.79794   25.19674    19.0295    34.2513    24.4446     5.8472  0.000e+00
     67.839  121.79794   25.19674    19.0279    34.2516    24.4452     5.8474  0.000e+00
     67.999  121.79794   25.19674    19.0260    34.2521    24.4460     5.8481  0.000e+00
     67.999  121.79794   25.19674    19.0239    34.2524    24.4469     5.8484  0.000e+00
     68.050  121.79794   25.19674    19.0228    34.2521    24.4469     5.8489  0.000e+00
     67.999  121.79794   25.19674    19.0200    34.2506    24.4465     5.8495  0.000e+00
     68.158  121.79794   25.19674    19.0117    34.2513    24.4491     5.8509  0.000e+00
     68.158  121.79794   25.19674    19.0014    34.2537    24.4535     5.8521  0.000e+00
     68.217  121.79794   25.19674    18.9966    34.2543    24.4552     5.8528  0.000e+00
     68.267  121.79794   25.19674    18.9945    34.2549    24.4562     5.8490  0.000e+00
     68.304  121.79794   25.19674    18.9929    34.2552    24.4569     5.8535  0.000e+00
     68.376  121.79794   25.19674    18.9928    34.2547    24.4565     5.8494  0.000e+00
     68.427  121.79794   25.19674    18.9911    34.2554    24.4575     5.8497  0.000e+00
     68.427  121.79794   25.19674    18.9894    34.2558    24.4582     5.8502  0.000e+00
     68.536  121.79794   25.19674    18.9893    34.2561    24.4585     5.8506  0.000e+00
     68.587  121.79794   25.19674    18.9907    34.2557    24.4578     5.8509  0.000e+00
     68.645  121.79794   25.19674    18.9907    34.2539    24.4565     5.8515  0.000e+00
     68.645  121.79794   25.19674    18.9823    34.2541    24.4587     5.8530  0.000e+00
     68.645  121.79794   25.19674    18.9731    34.2549    24.4617     5.8543  0.000e+00
     68.754  121.79794   25.19674    18.9668    34.2556    24.4638     5.8554  0.000e+00
     68.805  121.79794   25.19674    18.9616    34.2564    24.4657     5.8564  0.000e+00
     68.863  121.79794   25.19674    18.9582    34.2577    24.4676     5.8573  0.000e+00
     68.848  121.79794   25.19674    18.9579    34.2577    24.4677     5.8579  0.000e+00
     68.913  121.79794   25.19674    18.9583    34.2578    24.4677     5.8586  0.000e+00
     68.913  121.79794   25.19674    18.9587    34.2578    24.4676     5.8546  0.000e+00
     69.022  121.79794   25.19674    18.9591    34.2579    24.4675     5.8547  0.000e+00
     69.073  121.79794   25.19674    18.9592    34.2578    24.4674     5.8546  0.000e+00
     69.073  121.79794   25.19674    18.9596    34.2573    24.4669     5.8548  0.000e+00
     69.131  121.79794   25.19674    18.9599    34.2573    24.4669     5.8548  0.000e+00
     69.182  121.79794   25.19674    18.9604    34.2568    24.4664     5.8552  0.000e+00
     69.131  121.79794   25.19674    18.9608    34.2565    24.4661     5.8509  0.000e+00
     69.291  121.79794   25.19674    18.9611    34.2562    24.4657     5.8508  0.000e+00
     69.182  121.79794   25.19674    18.9606    34.2561    24.4658     5.8507  0.000e+00
     69.342  121.79794   25.19674    18.9592    34.2556    24.4657     5.8509  0.000e+00
     69.276  121.79794   25.19674    18.9579    34.2555    24.4660     5.8507  0.000e+00
     69.342  121.79794   25.19674    18.9568    34.2561    24.4668     5.8506  0.000e+00
     69.400  121.79794   25.19674    18.9565    34.2561    24.4669     5.8465  0.000e+00
     69.451  121.79794   25.19674    18.9561    34.2565    24.4673     5.8465  0.000e+00
     69.400  121.79794   25.19674    18.9561    34.2559    24.4668     5.8417  0.000e+00
     69.509  121.79794   25.19674    18.9560    34.2555    24.4666     5.8456  0.000e+00
     69.509  121.79794   25.19674    18.9557    34.2563    24.4672     5.8410  0.000e+00
     69.509  121.79794   25.19674    18.9556    34.2557    24.4668     5.8406  0.000e+00
     69.560  121.79794   25.19674    18.9547    34.2557    24.4669     5.8404  0.000e+00
     69.560  121.79794   25.19674    18.9544    34.2558    24.4671     5.8401  0.000e+00
     69.596  121.79794   25.19674    18.9547    34.2557    24.4670     5.8396  0.000e+00
     69.559  121.79794   25.19674    18.9555    34.2557    24.4668     5.8393  0.000e+00
     69.668  121.79794   25.19674    18.9556    34.2552    24.4664     5.8390  0.000e+00
     69.719  121.79794   25.19674    18.9556    34.2553    24.4665     5.8387  0.000e+00
     69.668  121.79794   25.19674    18.9556    34.2551    24.4663     5.8341  0.000e+00
     69.719  121.79794   25.19674    18.9560    34.2547    24.4659     5.8379  0.000e+00
     69.719  121.79794   25.19674    18.9561    34.2551    24.4662     5.8334  0.000e+00
     69.777  121.79794   25.19674    18.9563    34.2544    24.4656     5.8331  0.000e+00
     69.719  121.79794   25.19674    18.9560    34.2542    24.4655     5.8328  0.000e+00
     69.828  121.79794   25.19674    18.9553    34.2546    24.4660     5.8328  0.000e+00
     69.814  121.79794   25.19674    18.9551    34.2545    24.4660     5.8327  0.000e+00
     69.828  121.79794   25.19674    18.9543    34.2544    24.4661     5.8328  0.000e+00
     69.879  121.79794   25.19674    18.9535    34.2548    24.4666     5.8329  0.000e+00
     69.937  121.79794   25.19674    18.9536    34.2547    24.4665     5.8287  0.000e+00
     69.879  121.79794   25.19674    18.9534    34.2551    24.4668     5.8283  0.000e+00
     69.937  121.79794   25.19674    18.9537    34.2544    24.4663     5.8283  0.000e+00
     69.988  121.79794   25.19674    18.9539    34.2545    24.4663     5.8280  0.000e+00
     69.988  121.79794   25.19674    18.9540    34.2544    24.4662     5.8278  0.000e+00
     69.988  121.79794   25.19674    18.9536    34.2547    24.4665     5.8234  0.000e+00
     70.031  121.79794   25.19674    18.9537    34.2543    24.4662     5.8231  0.000e+00
     70.046  121.79794   25.19674    18.9539    34.2543    24.4661     5.8229  0.000e+00
     70.046  121.79794   25.19674    18.9541    34.2540    24.4659     5.8227  0.000e+00
     70.097  121.79794   25.19674    18.9537    34.2544    24.4663     5.8228  0.000e+00
     70.206  121.79794   25.19674    18.9536    34.2538    24.4659     5.8186  0.000e+00
     70.147  121.79794   25.19674    18.9521    34.2538    24.4662     5.8185  0.000e+00
