CTD/2-1.cnv
* Sea-Bird SBE 9 Data File:
* FileName = D:\ctddata\cr2381\2-1.hex
* Software Version Seasave V 7.20g
* Temperature SN = 6284
* Conductivity SN = 4751
* Number of Bytes Per Scan = 34
* Number of Voltage Words = 5
* Number of Scans Averaged by the Deck Unit = 1
* NMEA Latitude = 25 11.80 N
* NMEA Longitude = 121 47.88 E
* NMEA UTC (Time) = Oct 07 2019  02:24:37
** Ship: OR2
** Station: 2-1
** Operator: CR2381
# nquan = 8
# nvalues = 7868                                  
# units = specified
# name 0 = depSM: Depth [salt water, m]
# name 1 = longitude: Longitude [deg]
# name 2 = latitude: Latitude [deg]
# name 3 = t090C: Temperature [ITS-90, deg C]
# name 4 = sal00: Salinity, Practical [PSU]
# name 5 = sigma-é00: Density [sigma-theta, kg/m^3]
# name 6 = sbeox0Mg/L: Oxygen, SBE 43 [mg/l]
# name 7 = flag:  0.000e+00
# span 0 =      1.221,    110.894                 
# span 1 =  121.79748,  121.79802                 
# span 2 =   25.19670,   25.19698                 
# span 3 =    17.7185,    25.2214                 
# span 4 =    33.7313,    34.3434                 
# span 5 =    22.3165,    24.8424                 
# span 6 =     5.6941,     6.6186                 
# span 7 = 0.0000e+00, 0.0000e+00                 
# interval = seconds: 0.0416667
# start_time = Oct 07 2019 02:24:37 [NMEA time, header]
# bad_flag = -9.990e-29
*END*
[from data line 4675]
     82.878  121.79778   25.19682    18.4169    34.2771    24.6189     5.7711  0.000e+00
     82.791  121.79778   25.19682    18.4167    34.2755    24.6178     5.7751  0.000e+00
     82.791  121.79778   25.19682    18.4102    34.2759    24.6197     5.7753  0.000e+00
     82.769  121.79778   25.19682    18.4066    34.2768    24.6213     5.7751  0.000e+00
     82.740  121.79778   25.19682    18.4042    34.2779    24.6227     5.7750  0.000e+00
     82.660  121.79778   25.19682    18.4023    34.2782    24.6234     5.7795  0.000e+00
     82.740  121.79778   25.19682    18.4006    34.2803    24.6255     5.7796  0.000e+00
     82.682  121.79778   25.19682    18.4037    34.2810    24.6252     5.7749  0.000e+00
     82.610  121.79778   25.19682    18.4052    34.2805    24.6245     5.7789  0.000e+00
     82.631  121.79778   25.19682    18.4073    34.2809    24.6242     5.7783  0.000e+00
     82.610  121.79778   25.19682    18.4156    34.2799    24.6214     5.7774  0.000e+00
     82.631  121.79778   25.19682    18.4195    34.2803    24.6208     5.7768  0.000e+00
     82.581  121.79778   25.19682    18.4218    34.2798    24.6198     5.7763  0.000e+00
     82.501  121.79778   25.19682    18.4250    34.2786    24.6181     5.7760  0.000e+00
     82.472  121.79778   25.19682    18.4282    34.2774    24.6164     5.7757  0.000e+00
     82.551  121.79778   25.19682    18.4304    34.2765    24.6151     5.7800  0.000e+00
     82.472  121.79778   25.19682    18.4319    34.2760    24.6144     5.7756  0.000e+00
     82.472  121.79778   25.19682    18.4382    34.2801    24.6159     5.7746  0.000e+00
     82.442  121.79778   25.19682    18.4567    34.2787    24.6103     5.7683  0.000e+00
     82.413  121.79778   25.19682    18.4658    34.2827    24.6111     5.7713  0.000e+00
     82.442  121.79778   25.19682    18.4806    34.2798    24.6052     5.7699  0.000e+00
     82.413  121.79778   25.19682    18.4915    34.2658    24.5917     5.7692  0.000e+00
     82.312  121.79778   25.19682    18.4785    34.2732    24.6006     5.7703  0.000e+00
     82.341  121.79778   25.19682    18.5061    34.2773    24.5968     5.7671  0.000e+00
     82.363  121.79776   25.19682    18.5328    34.2765    24.5896     5.7597  0.000e+00
     82.254  121.79776   25.19682    18.5489    34.2788    24.5873     5.7617  0.000e+00
     82.341  121.79776   25.19682    18.5856    34.2651    24.5677     5.7580  0.000e+00
     82.363  121.79776   25.19682    18.6040    34.2616    24.5604     5.7559  0.000e+00
     82.232  121.79776   25.19682    18.6181    34.2581    24.5542     5.7498  0.000e+00
     82.254  121.79776   25.19682    18.6266    34.2568    24.5511     5.7527  0.000e+00
     82.254  121.79776   25.19682    18.6292    34.2562    24.5500     5.7477  0.000e+00
     82.174  121.79776   25.19682    18.6305    34.2552    24.5489     5.7512  0.000e+00
     82.203  121.79776   25.19682    18.6316    34.2548    24.5483     5.7508  0.000e+00
     82.145  121.79776   25.19682    18.6326    34.2544    24.5477     5.7502  0.000e+00
     82.174  121.79776   25.19682    18.6316    34.2541    24.5477     5.7542  0.000e+00
     82.145  121.79776   25.19682    18.6288    34.2560    24.5499     5.7502  0.000e+00
     82.123  121.79776   25.19682    18.6305    34.2585    24.5514     5.7493  0.000e+00
     82.145  121.79776   25.19682    18.6393    34.2621    24.5519     5.7521  0.000e+00
     82.036  121.79776   25.19682    18.6568    34.2595    24.5456     5.7498  0.000e+00
     82.072  121.79776   25.19682    18.6683    34.2566    24.5405     5.7483  0.000e+00
     81.985  121.79776   25.19682    18.6739    34.2526    24.5360     5.7477  0.000e+00
     82.072  121.79776   25.19682    18.6690    34.2519    24.5367     5.7482  0.000e+00
     81.985  121.79776   25.19682    18.6674    34.2502    24.5358     5.7526  0.000e+00
     82.036  121.79776   25.19682    18.6593    34.2510    24.5384     5.7496  0.000e+00
     81.963  121.79776   25.19682    18.6540    34.2523    24.5407     5.7542  0.000e+00
     81.934  121.79776   25.19682    18.6488    34.2539    24.5432     5.7551  0.000e+00
     81.934  121.79776   25.19682    18.6486    34.2546    24.5439     5.7598  0.000e+00
     81.905  121.79776   25.19682    18.6514    34.2558    24.5441     5.7553  0.000e+00
     81.876  121.79776   25.19682    18.6576    34.2565    24.5430     5.7592  0.000e+00
     81.854  121.79776   25.19682    18.6630    34.2554    24.5409     5.7588  0.000e+00
     81.876  121.79776   25.19682    18.6662    34.2539    24.5389     5.7589  0.000e+00
     81.825  121.79776   25.19682    18.6664    34.2537    24.5387     5.7593  0.000e+00
     81.745  121.79776   25.19682    18.6647    34.2544    24.5396     5.7597  0.000e+00
     81.825  121.79776   25.19682    18.6662    34.2549    24.5397     5.7598  0.000e+00
     81.767  121.79776   25.19682    18.6693    34.2549    24.5389     5.7644  0.000e+00
     81.745  121.79776   25.19682    18.6719    34.2543    24.5378     5.7650  0.000e+00
     81.716  121.79776   25.19682    18.6724    34.2541    24.5375     5.7653  0.000e+00
     81.694  121.79776   25.19682    18.6739    34.2535    24.5366     5.7703  0.000e+00
     81.665  121.79776   25.19682    18.6743    34.2535    24.5366     5.7668  0.000e+00
     81.665  121.79776   25.19682    18.6748    34.2540    24.5368     5.7674  0.000e+00
     81.636  121.79776   25.19682    18.6760    34.2538    24.5364     5.7721  0.000e+00
     81.607  121.79776   25.19682    18.6765    34.2536    24.5361     5.7729  0.000e+00
     81.556  121.79776   25.19682    18.6780    34.2539    24.5359     5.7734  0.000e+00
     81.527  121.79776   25.19682    18.6808    34.2533    24.5348     5.7737  0.000e+00
     81.556  121.79776   25.19682    18.6797    34.2526    24.5345     5.7793  0.000e+00
     81.556  121.79776   25.19682    18.6772    34.2523    24.5349     5.7760  0.000e+00
     81.527  121.79776   25.19682    18.6743    34.2516    24.5351     5.7812  0.000e+00
     81.447  121.79776   25.19682    18.6698    34.2520    24.5365     5.7819  0.000e+00
     81.425  121.79776   25.19682    18.6653    34.2540    24.5392     5.7830  0.000e+00
     81.447  121.79776   25.19682    18.6644    34.2554    24.5405     5.7836  0.000e+00
     81.447  121.79776   25.19682    18.6629    34.2554    24.5408     5.7842  0.000e+00
     81.367  121.79776   25.19682    18.6620    34.2556    24.5413     5.7889  0.000e+00
     81.338  121.79776   25.19682    18.6623    34.2557    24.5413     5.7851  0.000e+00
     81.338  121.79776   25.19682    18.6621    34.2558    24.5414     5.7893  0.000e+00
     81.316  121.79776   25.19682    18.6629    34.2562    24.5415     5.7896  0.000e+00
     81.338  121.79776   25.19682    18.6644    34.2558    24.5408     5.7898  0.000e+00
     81.178  121.79776   25.19682    18.6653    34.2560    24.5407     5.7897  0.000e+00
     81.316  121.79776   25.19682    18.6649    34.2550    24.5401     5.7940  0.000e+00
     81.229  121.79776   25.19682    18.6617    34.2556    24.5413     5.7902  0.000e+00
     81.207  121.79776   25.19682    18.6609    34.2562    24.5420     5.7942  0.000e+00
     81.178  121.79776   25.19682    18.6621    34.2562    24.5417     5.7941  0.000e+00
     81.178  121.79776   25.19682    18.6623    34.2555    24.5411     5.7941  0.000e+00
     81.098  121.79776   25.19682    18.6592    34.2550    24.5415     5.7943  0.000e+00
     81.120  121.79776   25.19682    18.6557    34.2556    24.5428     5.7947  0.000e+00
     81.069  121.79776   25.19682    18.6535    34.2563    24.5439     5.7990  0.000e+00
     81.048  121.79776   25.19682    18.6528    34.2572    24.5447     5.7988  0.000e+00
     81.069  121.79776   25.19682    18.6527    34.2572    24.5448     5.7990  0.000e+00
     81.011  121.79776   25.19682    18.6524    34.2573    24.5449     5.7989  0.000e+00
     81.047  121.79776   25.19682    18.6524    34.2573    24.5450     5.7988  0.000e+00
     80.960  121.79776   25.19682    18.6522    34.2575    24.5452     5.7985  0.000e+00
     80.939  121.79776   25.19682    18.6526    34.2570    24.5447     5.8025  0.000e+00
     80.909  121.79776   25.19682    18.6525    34.2579    24.5454     5.8026  0.000e+00
     80.909  121.79776   25.19682    18.6534    34.2578    24.5451     5.8023  0.000e+00
     80.880  121.79776   25.19682    18.6540    34.2572    24.5444     5.8022  0.000e+00
     80.909  121.79776   25.19682    18.6530    34.2577    24.5451     5.8021  0.000e+00
     80.800  121.79776   25.19682    18.6528    34.2575    24.5450     5.8022  0.000e+00
     80.830  121.79776   25.19684    18.6532    34.2578    24.5451     5.8018  0.000e+00
     80.800  121.79776   25.19684    18.6561    34.2582    24.5447     5.8013  0.000e+00
     80.742  121.79776   25.19684    18.6585    34.2577    24.5437     5.8008  0.000e+00
     80.779  121.79776   25.19684    18.6595    34.2577    24.5434     5.8047  0.000e+00
     80.692  121.79776   25.19684    18.6604    34.2572    24.5429     5.8001  0.000e+00
     80.692  121.79776   25.19684    18.6604    34.2569    24.5426     5.8040  0.000e+00
     80.670  121.79776   25.19684    18.6604    34.2575    24.5430     5.8036  0.000e+00
     80.691  121.79776   25.19684    18.6609    34.2568    24.5424     5.8035  0.000e+00
     80.641  121.79776   25.19684    18.6611    34.2567    24.5423     5.8033  0.000e+00
     80.561  121.79776   25.19684    18.6604    34.2564    24.5422     5.8031  0.000e+00
     80.641  121.79776   25.19684    18.6599    34.2570    24.5428     5.8075  0.000e+00
     80.583  121.79776   25.19684    18.6588    34.2568    24.5429     5.8031  0.000e+00
     80.510  121.79776   25.19684    18.6569    34.2566    24.5433     5.8027  0.000e+00
     80.532  121.79776   25.19684    18.6525    34.2575    24.5450     5.8072  0.000e+00
     80.423  121.79776   25.19684    18.6502    34.2573    24.5455     5.8074  0.000e+00
     80.510  121.79776   25.19684    18.6488    34.2576    24.5461     5.8030  0.000e+00
     80.474  121.79776   25.19684    18.6477    34.2576    24.5463     5.8069  0.000e+00
     80.401  121.79776   25.19684    18.6455    34.2573    24.5466     5.8071  0.000e+00
     80.365  121.79776   25.19684    18.6445    34.2577    24.5472     5.8023  0.000e+00
     80.365  121.79776   25.19684    18.6438    34.2586    24.5481     5.8019  0.000e+00
     80.401  121.79776   25.19684    18.6440    34.2590    24.5483     5.8013  0.000e+00
     80.365  121.79776   25.19684    18.6441    34.2587    24.5480     5.8006  0.000e+00
     80.314  121.79776   25.19684    18.6443    34.2587    24.5480     5.7998  0.000e+00
     80.241  121.79776   25.19684    18.6443    34.2588    24.5481     5.7990  0.000e+00
     80.263  121.79776   25.19684    18.6442    34.2587    24.5481     5.7985  0.000e+00
     80.263  121.79776   25.19684    18.6438    34.2586    24.5481     5.7932  0.000e+00
     80.183  121.79776   25.19684    18.6434    34.2587    24.5482     5.7966  0.000e+00
     80.205  121.79776   25.19684    18.6435    34.2595    24.5488     5.7916  0.000e+00
     80.154  121.79776   25.19684    18.6442    34.2591    24.5483     5.7904  0.000e+00
     80.132  121.79776   25.19684    18.6439    34.2594    24.5486     5.7893  0.000e+00
     80.096  121.79776   25.19684    18.6442    34.2591    24.5484     5.7885  0.000e+00
     80.096  121.79776   25.19684    18.6434    34.2588    24.5483     5.7830  0.000e+00
     80.023  121.79776   25.19684    18.6433    34.2592    24.5487     5.7817  0.000e+00
     80.045  121.79776   25.19684    18.6442    34.2599    24.5489     5.7804  0.000e+00
     79.994  121.79776   25.19684    18.6451    34.2595    24.5484     5.7791  0.000e+00
     79.965  121.79776   25.19684    18.6454    34.2591    24.5480     5.7778  0.000e+00
     79.936  121.79776   25.19684    18.6446    34.2590    24.5481     5.7810  0.000e+00
     79.936  121.79776   25.19684    18.6435    34.2591    24.5485     5.7806  0.000e+00
     79.863  121.79776   25.19684    18.6428    34.2596    24.5490     5.7756  0.000e+00
     79.827  121.79776   25.19684    18.6426    34.2590    24.5486     5.7747  0.000e+00
     79.776  121.79776   25.19684    18.6415    34.2589    24.5488     5.7694  0.000e+00
     79.754  121.79776   25.19684    18.6405    34.2595    24.5495     5.7726  0.000e+00
     79.776  121.79776   25.19684    18.6391    34.2590    24.5495     5.7719  0.000e+00
     79.718  121.79776   25.19684    18.6381    34.2600    24.5505     5.7714  0.000e+00
     79.696  121.79776   25.19684    18.6388    34.2599    24.5503     5.7707  0.000e+00
     79.616  121.79776   25.19684    18.6374    34.2599    24.5506     5.7703  0.000e+00
     79.558  121.79776   25.19684    18.6367    34.2604    24.5512     5.7698  0.000e+00
     79.537  121.79776   25.19684    18.6383    34.2611    24.5513     5.7691  0.000e+00
     79.558  121.79776   25.19684    18.6403    34.2598    24.5498     5.7684  0.000e+00
     79.507  121.79776   25.19684    18.6390    34.2594    24.5498     5.7637  0.000e+00
     79.348  121.79776   25.19684    18.6379    34.2603    24.5508     5.7628  0.000e+00
     79.536  121.79776   25.19684    18.6397    34.2609    24.5508     5.7664  0.000e+00
     79.348  121.79776   25.19684    18.6417    34.2610    24.5503     5.7616  0.000e+00
     79.290  121.79776   25.19684    18.6433    34.2590    24.5484     5.7607  0.000e+00
     79.268  121.79776   25.19684    18.6407    34.2577    24.5481     5.7651  0.000e+00
     79.290  121.79776   25.19684    18.6383    34.2605    24.5508     5.7653  0.000e+00
     79.130  121.79776   25.19684    18.6376    34.2636    24.5533     5.7653  0.000e+00
     79.108  121.79776   25.19684    18.6407    34.2647    24.5535     5.7650  0.000e+00
     79.130  121.79776   25.19684    18.6458    34.2596    24.5483     5.7647  0.000e+00
     79.072  121.79776   25.19684    18.6426    34.2569    24.5470     5.7700  0.000e+00
     79.050  121.79776   25.19684    18.6379    34.2576    24.5487     5.7666  0.000e+00
     78.970  121.79776   25.19684    18.6343    34.2576    24.5496     5.7716  0.000e+00
     78.912  121.79776   25.19684    18.6307    34.2591    24.5517     5.7728  0.000e+00
     78.839  121.79776   25.19684    18.6321    34.2714    24.5607     5.7731  0.000e+00
     78.861  121.79776   25.19684    18.6512    34.2811    24.5633     5.7713  0.000e+00
     78.803  121.79776   25.19684    18.6760    34.2738    24.5516     5.7698  0.000e+00
     78.730  121.79776   25.19684    18.6875    34.2603    24.5384     5.7700  0.000e+00
     78.752  121.79776   25.19684    18.6878    34.2597    24.5378     5.7751  0.000e+00
     78.643  121.79776   25.19684    18.6947    34.2650    24.5401     5.7707  0.000e+00
     78.592  121.79776   25.19684    18.7083    34.2672    24.5383     5.7698  0.000e+00
     78.621  121.79776   25.19684    18.7233    34.2642    24.5323     5.7734  0.000e+00
     78.483  121.79776   25.19684    18.7346    34.2596    24.5259     5.7733  0.000e+00
     78.534  121.79776   25.19684    18.7422    34.2556    24.5210     5.7737  0.000e+00
     78.461  121.79776   25.19684    18.7466    34.2526    24.5176     5.7787  0.000e+00
     78.374  121.79776   25.19684    18.7494    34.2510    24.5156     5.7750  0.000e+00
     78.374  121.79776   25.19684    18.7517    34.2500    24.5143     5.7802  0.000e+00
     78.353  121.79776   25.19684    18.7525    34.2488    24.5132     5.7812  0.000e+00
     78.323  121.79776   25.19684    18.7526    34.2485    24.5129     5.7821  0.000e+00
     78.265  121.79776   25.19684    18.7528    34.2491    24.5133     5.7873  0.000e+00
     78.214  121.79776   25.19684    18.7533    34.2491    24.5132     5.7885  0.000e+00
     78.193  121.79776   25.19684    18.7540    34.2492    24.5131     5.7892  0.000e+00
     78.106  121.79776   25.19684    18.7549    34.2486    24.5124     5.7899  0.000e+00
