CTD/3-1.cnv
* Sea-Bird SBE 9 Data File:
* FileName = D:\ctddata\cr2381\3-1.hex
* Software Version Seasave V 7.20g
* Temperature SN = 6284
* Conductivity SN = 4751
* Number of Bytes Per Scan = 34
* Number of Voltage Words = 5
* Number of Scans Averaged by the Deck Unit = 1
* NMEA Latitude = 25 12.34 N
* NMEA Longitude = 121 47.88 E
* NMEA UTC (Time) = Oct 07 2019  02:37:35
** Ship: OR2
** Station: 3-1
** Operator: CR2381
# nquan = 8
# nvalues = 8643                                  
# units = specified
# name 0 = depSM: Depth [salt water, m]
# name 1 = longitude: Longitude [deg]
# name 2 = latitude: Latitude [deg]
# name 3 = t090C: Temperature [ITS-90, deg C]
# name 4 = sal00: Salinity, Practical [PSU]
# name 5 = sigma-é00: Density [sigma-theta, kg/m^3]
# name 6 = sbeox0Mg/L: Oxygen, SBE 43 [mg/l]
# name 7 = flag:  0.000e+00
# span 0 =      0.678,    120.740                 
# span 1 =  121.79730,  121.79808                 
# span 2 =   25.20568,   25.20580                 
# span 3 =    16.8869,    25.7107                 
# span 4 =    33.8150,    34.4040                 
# span 5 =    22.2394,    25.0872                 
# span 6 =     5.6278,     6.9689                 
# span 7 = 0.0000e+00, 0.0000e+00                 
# interval = seconds: 0.0416667
# start_time = Oct 07 2019 02:37:35 [NMEA time, header]
# bad_flag = -9.990e-29
*END*
[from data line 2697]
     81.470  121.79782   25.20580    18.0949    34.3216    24.7326     5.7764  0.000e+00
     81.506  121.79782   25.20580    18.0881    34.3224    24.7349     5.7773  0.000e+00
     81.528  121.79782   25.20580    18.0855    34.3226    24.7357     5.7774  0.000e+00
     81.608  121.79782   25.20580    18.0822    34.3224    24.7363     5.7776  0.000e+00
     81.579  121.79782   25.20580    18.0793    34.3232    24.7377     5.7777  0.000e+00
     81.688  121.79782   25.20580    18.0819    34.3238    24.7375     5.7774  0.000e+00
     81.717  121.79782   25.20580    18.0850    34.3230    24.7362     5.7770  0.000e+00
     81.688  121.79782   25.20580    18.0828    34.3218    24.7358     5.7772  0.000e+00
     81.746  121.79782   25.20580    18.0745    34.3237    24.7392     5.7777  0.000e+00
     81.775  121.79782   25.20580    18.0721    34.3231    24.7394     5.7780  0.000e+00
     81.796  121.79782   25.20578    18.0717    34.3250    24.7410     5.7780  0.000e+00
     81.876  121.79782   25.20578    18.0798    34.3260    24.7398     5.7772  0.000e+00
     81.847  121.79782   25.20578    18.0913    34.3251    24.7362     5.7715  0.000e+00
     81.905  121.79782   25.20578    18.0972    34.3228    24.7330     5.7708  0.000e+00
     81.934  121.79782   25.20578    18.0946    34.3210    24.7322     5.7754  0.000e+00
     81.905  121.79782   25.20578    18.0877    34.3191    24.7325     5.7720  0.000e+00
     82.014  121.79782   25.20578    18.0743    34.3221    24.7381     5.7777  0.000e+00
     82.043  121.79782   25.20578    18.0663    34.3247    24.7421     5.7785  0.000e+00
     82.065  121.79782   25.20578    18.0650    34.3249    24.7426     5.7785  0.000e+00
     82.094  121.79782   25.20578    18.0663    34.3263    24.7433     5.7738  0.000e+00
     82.065  121.79782   25.20578    18.0731    34.3259    24.7413     5.7727  0.000e+00
     82.116  121.79782   25.20578    18.0815    34.3246    24.7383     5.7718  0.000e+00
     82.152  121.79782   25.20578    18.0888    34.3233    24.7355     5.7708  0.000e+00
     82.174  121.79782   25.20578    18.0938    34.3216    24.7329     5.7704  0.000e+00
     82.283  121.79782   25.20578    18.0980    34.3207    24.7312     5.7701  0.000e+00
     82.254  121.79782   25.20578    18.1021    34.3193    24.7291     5.7695  0.000e+00
     82.283  121.79782   25.20578    18.1010    34.3186    24.7289     5.7739  0.000e+00
     82.312  121.79782   25.20578    18.0961    34.3191    24.7304     5.7702  0.000e+00
     82.283  121.79782   25.20578    18.0915    34.3196    24.7320     5.7706  0.000e+00
     82.334  121.79782   25.20578    18.0877    34.3203    24.7335     5.7713  0.000e+00
     82.421  121.79782   25.20578    18.0850    34.3192    24.7332     5.7720  0.000e+00
     82.392  121.79782   25.20578    18.0762    34.3190    24.7352     5.7733  0.000e+00
     82.392  121.79782   25.20578    18.0647    34.3207    24.7394     5.7749  0.000e+00
     82.523  121.79782   25.20578    18.0549    34.3221    24.7429     5.7716  0.000e+00
     82.494  121.79782   25.20578    18.0450    34.3252    24.7477     5.7768  0.000e+00
     82.523  121.79782   25.20578    18.0411    34.3267    24.7498     5.7729  0.000e+00
     82.552  121.79782   25.20578    18.0393    34.3264    24.7500     5.7730  0.000e+00
     82.552  121.79782   25.20578    18.0356    34.3269    24.7513     5.7688  0.000e+00
     82.581  121.79782   25.20578    18.0304    34.3270    24.7527     5.7690  0.000e+00
     82.661  121.79782   25.20578    18.0251    34.3271    24.7541     5.7737  0.000e+00
     82.690  121.79782   25.20578    18.0211    34.3276    24.7554     5.7786  0.000e+00
     82.661  121.79782   25.20578    18.0181    34.3284    24.7568     5.7660  0.000e+00
     82.661  121.79782   25.20578    18.0167    34.3289    24.7575     5.7656  0.000e+00
     82.741  121.79782   25.20578    18.0160    34.3294    24.7580     5.7696  0.000e+00
     82.763  121.79782   25.20578    18.0176    34.3291    24.7574     5.7739  0.000e+00
     82.850  121.79782   25.20578    18.0184    34.3289    24.7571     5.7738  0.000e+00
     82.821  121.79782   25.20578    18.0186    34.3291    24.7572     5.7693  0.000e+00
     82.763  121.79782   25.20578    18.0194    34.3294    24.7572     5.7599  0.000e+00
     82.901  121.79782   25.20578    18.0196    34.3289    24.7568     5.7680  0.000e+00
     82.872  121.79782   25.20578    18.0170    34.3283    24.7570     5.7680  0.000e+00
     82.959  121.79782   25.20578    18.0141    34.3280    24.7574     5.7638  0.000e+00
     82.980  121.79782   25.20578    18.0121    34.3288    24.7585     5.7636  0.000e+00
     83.039  121.79782   25.20578    18.0124    34.3288    24.7585     5.7632  0.000e+00
     83.010  121.79782   25.20578    18.0143    34.3292    24.7583     5.7582  0.000e+00
     82.980  121.79782   25.20578    18.0181    34.3285    24.7569     5.7571  0.000e+00
     83.118  121.79782   25.20578    18.0183    34.3270    24.7557     5.7612  0.000e+00
     83.140  121.79782   25.20578    18.0150    34.3279    24.7571     5.7614  0.000e+00
     83.140  121.79782   25.20578    18.0124    34.3281    24.7580     5.7616  0.000e+00
     83.169  121.79782   25.20580    18.0108    34.3288    24.7589     5.7573  0.000e+00
     83.249  121.79782   25.20580    18.0098    34.3285    24.7589     5.7572  0.000e+00
     83.227  121.79782   25.20580    18.0068    34.3285    24.7597     5.7573  0.000e+00
     83.249  121.79782   25.20580    18.0037    34.3289    24.7607     5.7615  0.000e+00
     83.358  121.79782   25.20580    18.0021    34.3297    24.7617     5.7616  0.000e+00
     83.336  121.79782   25.20580    18.0030    34.3302    24.7619     5.7618  0.000e+00
     83.307  121.79782   25.20580    18.0054    34.3293    24.7606     5.7615  0.000e+00
     83.496  121.79782   25.20580    18.0071    34.3290    24.7600     5.7619  0.000e+00
     83.467  121.79782   25.20580    18.0102    34.3290    24.7592     5.7620  0.000e+00
     83.467  121.79782   25.20580    18.0146    34.3285    24.7577     5.7620  0.000e+00
     83.496  121.79782   25.20580    18.0158    34.3273    24.7565     5.7622  0.000e+00
     83.518  121.79782   25.20580    18.0119    34.3268    24.7571     5.7629  0.000e+00
     83.605  121.79782   25.20580    18.0078    34.3269    24.7582     5.7637  0.000e+00
     83.627  121.79782   25.20580    18.0040    34.3276    24.7596     5.7644  0.000e+00
     83.787  121.79782   25.20580    18.0016    34.3285    24.7609     5.7607  0.000e+00
     83.656  121.79782   25.20580    18.0015    34.3295    24.7617     5.7651  0.000e+00
     83.736  121.79782   25.20580    18.0028    34.3289    24.7609     5.7656  0.000e+00
     83.707  121.79782   25.20580    18.0024    34.3290    24.7611     5.7665  0.000e+00
     83.787  121.79782   25.20580    18.0013    34.3287    24.7612     5.7673  0.000e+00
     83.874  121.79782   25.20580    17.9999    34.3295    24.7621     5.7636  0.000e+00
     83.954  121.79782   25.20580    17.9995    34.3302    24.7627     5.7640  0.000e+00
     84.005  121.79782   25.20580    17.9994    34.3300    24.7626     5.7690  0.000e+00
     83.874  121.79782   25.20580    17.9997    34.3288    24.7616     5.7652  0.000e+00
     83.954  121.79782   25.20580    18.0008    34.3294    24.7618     5.7656  0.000e+00
     84.085  121.79780   25.20580    18.0026    34.3286    24.7607     5.7658  0.000e+00
     84.114  121.79780   25.20580    18.0011    34.3292    24.7616     5.7665  0.000e+00
     84.193  121.79780   25.20580    18.0015    34.3296    24.7618     5.7668  0.000e+00
     84.114  121.79780   25.20580    18.0031    34.3290    24.7610     5.7669  0.000e+00
     84.164  121.79780   25.20580    18.0037    34.3290    24.7608     5.7669  0.000e+00
     84.194  121.79780   25.20580    18.0059    34.3284    24.7598     5.7623  0.000e+00
     84.223  121.79780   25.20580    18.0081    34.3270    24.7582     5.7623  0.000e+00
     84.302  121.79780   25.20580    18.0076    34.3273    24.7586     5.7629  0.000e+00
     84.382  121.79780   25.20580    18.0069    34.3277    24.7590     5.7625  0.000e+00
     84.433  121.79780   25.20580    18.0068    34.3279    24.7592     5.7621  0.000e+00
     84.411  121.79780   25.20580    18.0061    34.3298    24.7609     5.7620  0.000e+00
     84.382  121.79780   25.20580    18.0117    34.3305    24.7600     5.7617  0.000e+00
     84.520  121.79780   25.20580    18.0222    34.3285    24.7559     5.7611  0.000e+00
     84.491  121.79780   25.20580    18.0296    34.3268    24.7528     5.7604  0.000e+00
     84.571  121.79780   25.20580    18.0337    34.3251    24.7505     5.7595  0.000e+00
     84.491  121.79780   25.20580    18.0354    34.3242    24.7494     5.7594  0.000e+00
     84.622  121.79780   25.20580    18.0357    34.3237    24.7489     5.7597  0.000e+00
     84.702  121.79780   25.20580    18.0347    34.3241    24.7495     5.7552  0.000e+00
     84.651  121.79780   25.20580    18.0344    34.3237    24.7492     5.7548  0.000e+00
     84.680  121.79780   25.20580    18.0330    34.3234    24.7493     5.7546  0.000e+00
     84.702  121.79780   25.20580    18.0307    34.3241    24.7505     5.7541  0.000e+00
     84.789  121.79780   25.20580    18.0296    34.3243    24.7509     5.7536  0.000e+00
     84.760  121.79780   25.20580    18.0294    34.3248    24.7513     5.7533  0.000e+00
     84.840  121.79780   25.20580    18.0302    34.3242    24.7507     5.7530  0.000e+00
     84.869  121.79780   25.20580    18.0302    34.3243    24.7507     5.7528  0.000e+00
     84.811  121.79780   25.20580    18.0307    34.3245    24.7508     5.7522  0.000e+00
     84.949  121.79780   25.20580    18.0297    34.3246    24.7511     5.7519  0.000e+00
     84.920  121.79780   25.20580    18.0266    34.3249    24.7521     5.7517  0.000e+00
     84.898  121.79780   25.20580    18.0240    34.3247    24.7526     5.7519  0.000e+00
     84.978  121.79780   25.20580    18.0236    34.3250    24.7529     5.7520  0.000e+00
     85.000  121.79780   25.20580    18.0240    34.3260    24.7535     5.7564  0.000e+00
     85.080  121.79780   25.20580    18.0247    34.3255    24.7530     5.7568  0.000e+00
     85.058  121.79780   25.20580    18.0239    34.3252    24.7529     5.7529  0.000e+00
     85.029  121.79780   25.20580    18.0242    34.3251    24.7529     5.7529  0.000e+00
     85.189  121.79780   25.20580    18.0268    34.3250    24.7521     5.7529  0.000e+00
     85.109  121.79780   25.20580    18.0278    34.3250    24.7519     5.7530  0.000e+00
     85.189  121.79780   25.20580    18.0282    34.3246    24.7515     5.7532  0.000e+00
     85.167  121.79780   25.20580    18.0277    34.3242    24.7513     5.7580  0.000e+00
     85.138  121.79780   25.20580    18.0259    34.3242    24.7517     5.7544  0.000e+00
     85.269  121.79780   25.20580    18.0237    34.3251    24.7530     5.7547  0.000e+00
     85.247  121.79780   25.20580    18.0236    34.3250    24.7529     5.7551  0.000e+00
     85.269  121.79780   25.20580    18.0237    34.3247    24.7526     5.7556  0.000e+00
     85.349  121.79780   25.20580    18.0224    34.3250    24.7532     5.7563  0.000e+00
     85.407  121.79780   25.20580    18.0220    34.3248    24.7531     5.7525  0.000e+00
     85.378  121.79780   25.20580    18.0213    34.3257    24.7540     5.7523  0.000e+00
     85.407  121.79780   25.20580    18.0230    34.3257    24.7536     5.7521  0.000e+00
     85.378  121.79780   25.20580    18.0251    34.3242    24.7519     5.7522  0.000e+00
     85.457  121.79780   25.20580    18.0198    34.3241    24.7531     5.7529  0.000e+00
     85.487  121.79780   25.20580    18.0142    34.3250    24.7553     5.7535  0.000e+00
     85.516  121.79780   25.20580    18.0116    34.3262    24.7568     5.7539  0.000e+00
     85.596  121.79780   25.20580    18.0105    34.3268    24.7575     5.7542  0.000e+00
     85.566  121.79780   25.20580    18.0121    34.3269    24.7572     5.7542  0.000e+00
     85.646  121.79780   25.20580    18.0138    34.3262    24.7563     5.7499  0.000e+00
     85.566  121.79780   25.20580    18.0136    34.3257    24.7559     5.7498  0.000e+00
     85.704  121.79780   25.20580    18.0128    34.3256    24.7561     5.7496  0.000e+00
     85.726  121.79780   25.20580    18.0097    34.3261    24.7572     5.7496  0.000e+00
     85.784  121.79780   25.20580    18.0081    34.3267    24.7581     5.7495  0.000e+00
     85.755  121.79780   25.20580    18.0083    34.3266    24.7579     5.7493  0.000e+00
     85.784  121.79780   25.20580    18.0078    34.3260    24.7576     5.7492  0.000e+00
     85.864  121.79780   25.20580    18.0054    34.3254    24.7577     5.7494  0.000e+00
     85.835  121.79780   25.20580    18.0016    34.3261    24.7592     5.7496  0.000e+00
     85.973  121.79780   25.20580    18.0004    34.3273    24.7604     5.7498  0.000e+00
     85.944  121.79780   25.20580    18.0018    34.3279    24.7605     5.7451  0.000e+00
     86.024  121.79780   25.20580    18.0043    34.3274    24.7595     5.7446  0.000e+00
     86.002  121.79780   25.20580    18.0061    34.3252    24.7574     5.7442  0.000e+00
     86.082  121.79780   25.20580    17.9982    34.3254    24.7595     5.7449  0.000e+00
     86.104  121.79780   25.20580    17.9882    34.3281    24.7640     5.7454  0.000e+00
     86.184  121.79780   25.20580    17.9841    34.3286    24.7654     5.7455  0.000e+00
     86.213  121.79780   25.20580    17.9816    34.3287    24.7661     5.7498  0.000e+00
     86.213  121.79780   25.20580    17.9775    34.3289    24.7673     5.7502  0.000e+00
     86.351  121.79780   25.20580    17.9730    34.3297    24.7690     5.7463  0.000e+00
     86.322  121.79780   25.20580    17.9708    34.3305    24.7701     5.7462  0.000e+00
     86.351  121.79780   25.20580    17.9697    34.3310    24.7707     5.7461  0.000e+00
     86.431  121.79780   25.20580    17.9691    34.3314    24.7713     5.7460  0.000e+00
     86.460  121.79780   25.20580    17.9686    34.3319    24.7717     5.7458  0.000e+00
     86.540  121.79780   25.20580    17.9691    34.3314    24.7712     5.7457  0.000e+00
     86.562  121.79780   25.20580    17.9684    34.3312    24.7713     5.7457  0.000e+00
     86.591  121.79780   25.20580    17.9672    34.3312    24.7715     5.7458  0.000e+00
     86.620  121.79780   25.20580    17.9667    34.3312    24.7717     5.7459  0.000e+00
     86.649  121.79780   25.20580    17.9661    34.3315    24.7721     5.7464  0.000e+00
     86.780  121.79780   25.20580    17.9658    34.3310    24.7717     5.7470  0.000e+00
     86.751  121.79780   25.20580    17.9658    34.3310    24.7717     5.7472  0.000e+00
     86.889  121.79780   25.20580    17.9656    34.3314    24.7721     5.7475  0.000e+00
     86.860  121.79780   25.20580    17.9660    34.3317    24.7722     5.7432  0.000e+00
     86.939  121.79780   25.20580    17.9665    34.3317    24.7721     5.7432  0.000e+00
     86.918  121.79780   25.20580    17.9680    34.3313    24.7714     5.7430  0.000e+00
     86.998  121.79780   25.20580    17.9693    34.3307    24.7707     5.7478  0.000e+00
     87.128  121.79780   25.20580    17.9687    34.3306    24.7707     5.7485  0.000e+00
     87.157  121.79780   25.20580    17.9679    34.3304    24.7708     5.7447  0.000e+00
     87.186  121.79780   25.20580    17.9669    34.3303    24.7709     5.7451  0.000e+00
     87.157  121.79780   25.20580    17.9672    34.3308    24.7712     5.7453  0.000e+00
     87.237  121.79780   25.20580    17.9684    34.3308    24.7709     5.7456  0.000e+00
     87.317  121.79780   25.20580    17.9704    34.3303    24.7701     5.7455  0.000e+00
     87.346  121.79780   25.20580    17.9718    34.3297    24.7693     5.7454  0.000e+00
     87.426  121.79780   25.20580    17.9703    34.3301    24.7700     5.7458  0.000e+00
     87.455  121.79780   25.20580    17.9669    34.3306    24.7712     5.7463  0.000e+00
     87.477  121.79780   25.20580    17.9646    34.3303    24.7715     5.7468  0.000e+00
