CTD/3-1.cnv
* Sea-Bird SBE 9 Data File:
* FileName = D:\ctddata\cr2381\3-1.hex
* Software Version Seasave V 7.20g
* Temperature SN = 6284
* Conductivity SN = 4751
* Number of Bytes Per Scan = 34
* Number of Voltage Words = 5
* Number of Scans Averaged by the Deck Unit = 1
* NMEA Latitude = 25 12.34 N
* NMEA Longitude = 121 47.88 E
* NMEA UTC (Time) = Oct 07 2019  02:37:35
** Ship: OR2
** Station: 3-1
** Operator: CR2381
# nquan = 8
# nvalues = 8643                                  
# units = specified
# name 0 = depSM: Depth [salt water, m]
# name 1 = longitude: Longitude [deg]
# name 2 = latitude: Latitude [deg]
# name 3 = t090C: Temperature [ITS-90, deg C]
# name 4 = sal00: Salinity, Practical [PSU]
# name 5 = sigma-é00: Density [sigma-theta, kg/m^3]
# name 6 = sbeox0Mg/L: Oxygen, SBE 43 [mg/l]
# name 7 = flag:  0.000e+00
# span 0 =      0.678,    120.740                 
# span 1 =  121.79730,  121.79808                 
# span 2 =   25.20568,   25.20580                 
# span 3 =    16.8869,    25.7107                 
# span 4 =    33.8150,    34.4040                 
# span 5 =    22.2394,    25.0872                 
# span 6 =     5.6278,     6.9689                 
# span 7 = 0.0000e+00, 0.0000e+00                 
# interval = seconds: 0.0416667
# start_time = Oct 07 2019 02:37:35 [NMEA time, header]
# bad_flag = -9.990e-29
*END*
[from data line 1618]
     46.107  121.79790   25.20580    23.8865    33.8744    22.8257     6.4047  0.000e+00
     46.158  121.79790   25.20580    23.8862    33.8734    22.8250     6.4025  0.000e+00
     46.158  121.79790   25.20580    23.8837    33.8723    22.8249     6.4041  0.000e+00
     46.216  121.79790   25.20580    23.8768    33.8699    22.8252     6.4063  0.000e+00
     46.267  121.79790   25.20580    23.8617    33.8702    22.8298     6.4058  0.000e+00
     46.267  121.79790   25.20580    23.8489    33.8710    22.8342     6.4089  0.000e+00
     46.318  121.79790   25.20580    23.8415    33.8726    22.8376     6.4114  0.000e+00
     46.325  121.79790   25.20580    23.8376    33.8727    22.8388     6.4132  0.000e+00
     46.434  121.79790   25.20580    23.8330    33.8730    22.8404     6.4153  0.000e+00
     46.426  121.79790   25.20580    23.8282    33.8740    22.8425     6.4134  0.000e+00
     46.434  121.79790   25.20580    23.8253    33.8741    22.8435     6.4150  0.000e+00
     46.593  121.79790   25.20580    23.8218    33.8744    22.8447     6.4127  0.000e+00
     46.485  121.79790   25.20580    23.8195    33.8753    22.8460     6.4137  0.000e+00
     46.593  121.79790   25.20580    23.8202    33.8763    22.8466     6.4147  0.000e+00
     46.644  121.79790   25.20580    23.8220    33.8760    22.8459     6.4116  0.000e+00
     46.644  121.79790   25.20580    23.8217    33.8758    22.8458     6.4122  0.000e+00
     46.695  121.79790   25.20580    23.8207    33.8752    22.8456     6.4129  0.000e+00
     46.753  121.79790   25.20580    23.8204    33.8751    22.8457     6.4137  0.000e+00
     46.753  121.79790   25.20580    23.8204    33.8748    22.8455     6.4103  0.000e+00
     46.862  121.79790   25.20580    23.8200    33.8741    22.8450     6.4107  0.000e+00
     46.804  121.79790   25.20580    23.8182    33.8732    22.8449     6.4113  0.000e+00
     46.913  121.79790   25.20580    23.8165    33.8736    22.8457     6.4120  0.000e+00
     46.862  121.79790   25.20580    23.8161    33.8731    22.8454     6.4088  0.000e+00
     47.073  121.79790   25.20580    23.8145    33.8731    22.8459     6.4094  0.000e+00
     46.971  121.79790   25.20580    23.8117    33.8730    22.8467     6.4099  0.000e+00
     47.073  121.79790   25.20580    23.8087    33.8727    22.8473     6.4106  0.000e+00
     47.073  121.79790   25.20580    23.8074    33.8734    22.8482     6.4110  0.000e+00
     47.073  121.79790   25.20580    23.8078    33.8733    22.8481     6.4113  0.000e+00
     47.181  121.79790   25.20580    23.8078    33.8737    22.8483     6.4076  0.000e+00
     47.181  121.79790   25.20580    23.8087    33.8740    22.8482     6.4076  0.000e+00
     47.240  121.79790   25.20580    23.8103    33.8738    22.8477     6.4077  0.000e+00
     47.240  121.79790   25.20580    23.8120    33.8734    22.8469     6.4036  0.000e+00
     47.399  121.79790   25.20580    23.8115    33.8726    22.8464     6.4038  0.000e+00
     47.290  121.79790   25.20580    23.8080    33.8714    22.8465     6.4042  0.000e+00
     47.450  121.79790   25.20580    23.8051    33.8710    22.8471     6.4046  0.000e+00
     47.399  121.79790   25.20580    23.8007    33.8704    22.8479     6.4091  0.000e+00
     47.450  121.79790   25.20580    23.7950    33.8688    22.8483     6.4060  0.000e+00
     47.559  121.79790   25.20580    23.7895    33.8686    22.8499     6.4067  0.000e+00
     47.508  121.79790   25.20580    23.7872    33.8691    22.8509     6.4070  0.000e+00
     47.617  121.79790   25.20580    23.7860    33.8696    22.8516     6.4074  0.000e+00
     47.617  121.79790   25.20580    23.7852    33.8694    22.8517     6.4078  0.000e+00
     47.668  121.79790   25.20580    23.7840    33.8688    22.8516     6.4084  0.000e+00
     47.668  121.79790   25.20580    23.7828    33.8699    22.8528     6.4087  0.000e+00
     47.777  121.79790   25.20580    23.7847    33.8709    22.8530     6.4089  0.000e+00
     47.828  121.79790   25.20580    23.7883    33.8726    22.8532     6.4089  0.000e+00
     47.777  121.79790   25.20580    23.7945    33.8728    22.8516     6.4087  0.000e+00
     47.886  121.79790   25.20580    23.7988    33.8723    22.8499     6.4050  0.000e+00
     47.936  121.79790   25.20580    23.7987    33.8715    22.8494     6.4053  0.000e+00
     47.936  121.79790   25.20580    23.7971    33.8707    22.8492     6.4019  0.000e+00
     47.936  121.79790   25.20580    23.7942    33.8698    22.8494     6.4027  0.000e+00
     47.987  121.79790   25.20580    23.7890    33.8683    22.8498     6.3997  0.000e+00
     48.045  121.79790   25.20580    23.7787    33.8670    22.8518     6.4011  0.000e+00
     48.096  121.79790   25.20580    23.7691    33.8667    22.8544     6.3986  0.000e+00
     48.205  121.79790   25.20580    23.7676    33.8686    22.8563     6.3987  0.000e+00
     48.096  121.79790   25.20580    23.7713    33.8687    22.8553     6.3982  0.000e+00
     48.205  121.79790   25.20580    23.7706    33.8685    22.8553     6.3945  0.000e+00
     48.256  121.79790   25.20580    23.7679    33.8676    22.8554     6.3949  0.000e+00
     48.205  121.79790   25.20580    23.7598    33.8684    22.8585     6.3919  0.000e+00
     48.314  121.79790   25.20580    23.7529    33.8687    22.8607     6.3925  0.000e+00
     48.314  121.79790   25.20580    23.7484    33.8684    22.8618     6.3928  0.000e+00
     48.365  121.79790   25.20580    23.7451    33.8684    22.8627     6.3930  0.000e+00
     48.423  121.79790   25.20580    23.7436    33.8693    22.8638     6.3930  0.000e+00
     48.423  121.79790   25.20580    23.7453    33.8704    22.8642     6.3928  0.000e+00
     48.474  121.79790   25.20580    23.7477    33.8691    22.8625     6.3924  0.000e+00
     48.474  121.79790   25.20580    23.7470    33.8676    22.8616     6.3924  0.000e+00
     48.524  121.79790   25.20580    23.7380    33.8655    22.8626     6.3897  0.000e+00
     48.524  121.79790   25.20580    23.7219    33.8647    22.8667     6.3914  0.000e+00
     48.583  121.79790   25.20580    23.7045    33.8619    22.8697     6.3932  0.000e+00
     48.583  121.79790   25.20580    23.6893    33.8636    22.8755     6.3947  0.000e+00
     48.633  121.79790   25.20580    23.6783    33.8662    22.8806     6.3958  0.000e+00
     48.691  121.79790   25.20580    23.6626    33.8680    22.8866     6.3975  0.000e+00
     48.691  121.79790   25.20580    23.6487    33.8726    22.8941     6.3988  0.000e+00
     48.691  121.79790   25.20580    23.6483    33.8735    22.8949     6.3949  0.000e+00
     48.742  121.79790   25.20580    23.6412    33.8736    22.8970     6.3955  0.000e+00
     48.742  121.79790   25.20580    23.6320    33.8726    22.8990     6.3965  0.000e+00
     48.800  121.79790   25.20580    23.6237    33.8708    22.9000     6.3976  0.000e+00
     48.851  121.79790   25.20580    23.6114    33.8718    22.9044     6.3991  0.000e+00
     48.800  121.79790   25.20580    23.6024    33.8734    22.9082     6.3961  0.000e+00
     48.902  121.79790   25.20580    23.5957    33.8745    22.9110     6.3968  0.000e+00
     48.851  121.79790   25.20580    23.5914    33.8751    22.9127     6.3971  0.000e+00
     48.960  121.79790   25.20580    23.5853    33.8747    22.9142     6.3977  0.000e+00
     48.902  121.79790   25.20578    23.5764    33.8750    22.9170     6.3985  0.000e+00
     48.960  121.79790   25.20578    23.5687    33.8755    22.9196     6.3955  0.000e+00
     48.960  121.79790   25.20578    23.5647    33.8775    22.9223     6.3957  0.000e+00
     49.069  121.79790   25.20578    23.5637    33.8784    22.9232     6.3921  0.000e+00
     49.011  121.79790   25.20578    23.5645    33.8781    22.9228     6.3918  0.000e+00
     49.011  121.79790   25.20578    23.5640    33.8779    22.9228     6.3918  0.000e+00
     49.120  121.79790   25.20578    23.5629    33.8772    22.9226     6.3921  0.000e+00
     49.069  121.79790   25.20578    23.5597    33.8776    22.9238     6.3886  0.000e+00
     49.120  121.79790   25.20578    23.5581    33.8779    22.9245     6.3889  0.000e+00
     49.171  121.79790   25.20578    23.5583    33.8777    22.9243     6.3891  0.000e+00
     49.120  121.79790   25.20578    23.5583    33.8774    22.9241     6.3854  0.000e+00
     49.229  121.79790   25.20578    23.5572    33.8771    22.9242     6.3858  0.000e+00
     49.171  121.79790   25.20578    23.5546    33.8766    22.9246     6.3863  0.000e+00
     49.229  121.79790   25.20578    23.5484    33.8756    22.9256     6.3836  0.000e+00
     49.229  121.79790   25.20578    23.5368    33.8768    22.9299     6.3849  0.000e+00
     49.279  121.79790   25.20578    23.5268    33.8772    22.9331     6.3863  0.000e+00
     49.338  121.79790   25.20578    23.5164    33.8781    22.9368     6.3836  0.000e+00
     49.338  121.79790   25.20578    23.5078    33.8782    22.9394     6.3845  0.000e+00
     49.279  121.79790   25.20578    23.4993    33.8800    22.9433     6.3813  0.000e+00
     49.338  121.79790   25.20578    23.4924    33.8819    22.9467     6.3817  0.000e+00
     49.439  121.79790   25.20578    23.4883    33.8823    22.9482     6.3819  0.000e+00
     49.439  121.79790   25.20578    23.4849    33.8829    22.9496     6.3780  0.000e+00
     49.388  121.79790   25.20578    23.4830    33.8836    22.9507     6.3778  0.000e+00
     49.497  121.79790   25.20578    23.4827    33.8833    22.9505     6.3774  0.000e+00
     49.497  121.79790   25.20578    23.4817    33.8838    22.9512     6.3732  0.000e+00
     49.497  121.79790   25.20578    23.4802    33.8838    22.9516     6.3726  0.000e+00
     49.548  121.79790   25.20578    23.4789    33.8837    22.9519     6.3683  0.000e+00
     49.548  121.79790   25.20578    23.4790    33.8839    22.9521     6.3675  0.000e+00
     49.606  121.79790   25.20578    23.4798    33.8839    22.9518     6.3629  0.000e+00
     49.657  121.79790   25.20578    23.4814    33.8839    22.9514     6.3621  0.000e+00
     49.606  121.79790   25.20578    23.4836    33.8837    22.9506     6.3613  0.000e+00
     49.657  121.79790   25.20578    23.4847    33.8838    22.9503     6.3568  0.000e+00
     49.766  121.79790   25.20578    23.4866    33.8835    22.9496     6.3562  0.000e+00
     49.715  121.79790   25.20578    23.4900    33.8845    22.9494     6.3512  0.000e+00
     49.766  121.79790   25.20578    23.4945    33.8832    22.9471     6.3540  0.000e+00
     49.817  121.79790   25.20578    23.4968    33.8820    22.9455     6.3457  0.000e+00
     49.817  121.79790   25.20578    23.4980    33.8820    22.9452     6.3488  0.000e+00
     49.817  121.79790   25.20578    23.4989    33.8817    22.9446     6.3446  0.000e+00
     49.926  121.79790   25.20578    23.4986    33.8812    22.9444     6.3444  0.000e+00
     49.926  121.79790   25.20578    23.4975    33.8803    22.9440     6.3404  0.000e+00
     49.984  121.79790   25.20578    23.4903    33.8801    22.9460     6.3408  0.000e+00
     49.984  121.79790   25.20578    23.4803    33.8805    22.9492     6.3416  0.000e+00
     50.034  121.79790   25.20578    23.4717    33.8823    22.9530     6.3423  0.000e+00
     50.034  121.79790   25.20578    23.4683    33.8826    22.9542     6.3387  0.000e+00
     50.085  121.79790   25.20578    23.4618    33.8818    22.9555     6.3355  0.000e+00
     50.143  121.79790   25.20578    23.4507    33.8809    22.9581     6.3364  0.000e+00
     50.143  121.79790   25.20578    23.4312    33.8814    22.9641     6.3383  0.000e+00
     50.252  121.79790   25.20578    23.4085    33.8827    22.9717     6.3369  0.000e+00
     50.252  121.79790   25.20578    23.3873    33.8865    22.9807     6.3390  0.000e+00
     50.303  121.79790   25.20578    23.3733    33.8889    22.9866     6.3405  0.000e+00
     50.303  121.79790   25.20578    23.3646    33.8907    22.9904     6.3415  0.000e+00
     50.361  121.79790   25.20578    23.3600    33.8917    22.9925     6.3382  0.000e+00
     50.463  121.79790   25.20578    23.3568    33.8925    22.9941     6.3385  0.000e+00
     50.412  121.79790   25.20578    23.3528    33.8933    22.9959     6.3349  0.000e+00
     50.521  121.79790   25.20578    23.3485    33.8930    22.9969     6.3315  0.000e+00
     50.521  121.79790   25.20578    23.3439    33.8932    22.9984     6.3320  0.000e+00
     50.572  121.79790   25.20578    23.3407    33.8936    22.9996     6.3322  0.000e+00
     50.630  121.79790   25.20578    23.3381    33.8938    23.0005     6.3287  0.000e+00
     50.681  121.79790   25.20578    23.3351    33.8942    23.0016     6.3290  0.000e+00
     50.681  121.79790   25.20578    23.3327    33.8936    23.0019     6.3253  0.000e+00
     50.731  121.79790   25.20578    23.3264    33.8930    23.0033     6.3259  0.000e+00
     50.840  121.79790   25.20578    23.3158    33.8940    23.0071     6.3272  0.000e+00
     50.840  121.79790   25.20578    23.3052    33.8938    23.0100     6.3245  0.000e+00
     50.898  121.79790   25.20578    23.2862    33.8945    23.0161     6.3265  0.000e+00
     50.949  121.79790   25.20578    23.2619    33.8975    23.0253     6.3253  0.000e+00
     51.000  121.79790   25.20578    23.2459    33.9005    23.0322     6.3269  0.000e+00
     51.058  121.79790   25.20578    23.2367    33.9016    23.0357     6.3280  0.000e+00
     51.058  121.79790   25.20578    23.2232    33.9022    23.0400     6.3294  0.000e+00
     51.167  121.79790   25.20578    23.2048    33.9034    23.0463     6.3277  0.000e+00
     51.218  121.79790   25.20578    23.1863    33.9059    23.0535     6.3298  0.000e+00
     51.218  121.79790   25.20578    23.1696    33.9078    23.0598     6.3277  0.000e+00
     51.327  121.79790   25.20578    23.1551    33.9093    23.0651     6.3254  0.000e+00
     51.378  121.79788   25.20580    23.1392    33.9101    23.0703     6.3311  0.000e+00
     51.378  121.79788   25.20580    23.1199    33.9119    23.0772     6.3294  0.000e+00
     51.486  121.79788   25.20580    23.0977    33.9139    23.0851     6.3319  0.000e+00
     51.486  121.79788   25.20580    23.0727    33.9163    23.0941     6.3347  0.000e+00
     51.595  121.79788   25.20580    23.0446    33.9193    23.1045     6.3340  0.000e+00
     51.646  121.79788   25.20580    23.0160    33.9200    23.1132     6.3371  0.000e+00
     51.704  121.79788   25.20580    22.9740    33.9208    23.1258     6.3418  0.000e+00
     51.755  121.79788   25.20580    22.9161    33.9298    23.1492     6.3443  0.000e+00
     51.755  121.79788   25.20580    22.8722    33.9353    23.1659     6.3489  0.000e+00
     51.864  121.79788   25.20580    22.8358    33.9386    23.1788     6.3491  0.000e+00
     51.922  121.79788   25.20580    22.7929    33.9435    23.1947     6.3536  0.000e+00
     51.915  121.79788   25.20580    22.7521    33.9508    23.2119     6.3581  0.000e+00
     52.024  121.79788   25.20580    22.7239    33.9553    23.2233     6.3572  0.000e+00
     52.024  121.79788   25.20580    22.7035    33.9588    23.2318     6.3635  0.000e+00
     52.082  121.79788   25.20580    22.6896    33.9598    23.2365     6.3614  0.000e+00
     52.183  121.79788   25.20580    22.6739    33.9601    23.2412     6.3595  0.000e+00
     52.183  121.79788   25.20580    22.6517    33.9619    23.2488     6.3619  0.000e+00
     52.300  121.79788   25.20580    22.6265    33.9654    23.2587     6.3609  0.000e+00
     52.292  121.79788   25.20580    22.6054    33.9689    23.2673     6.3592  0.000e+00
     52.350  121.79788   25.20580    22.5887    33.9719    23.2744     6.3611  0.000e+00
     52.300  121.79788   25.20580    22.5713    33.9747    23.2814     6.3589  0.000e+00
     52.561  121.79788   25.20580    22.5543    33.9776    23.2884     6.3566  0.000e+00
     52.452  121.79788   25.20580    22.5433    33.9794    23.2929     6.3573  0.000e+00
     52.561  121.79788   25.20580    22.5346    33.9810    23.2966     6.3542  0.000e+00
     52.619  121.79790   25.20580    22.5278    33.9815    23.2989     6.3465  0.000e+00
     52.619  121.79790   25.20580    22.5192    33.9801    23.3003     6.3468  0.000e+00
