CTD/3-1.cnv
* Sea-Bird SBE 9 Data File:
* FileName = D:\ctddata\cr2381\3-1.hex
* Software Version Seasave V 7.20g
* Temperature SN = 6284
* Conductivity SN = 4751
* Number of Bytes Per Scan = 34
* Number of Voltage Words = 5
* Number of Scans Averaged by the Deck Unit = 1
* NMEA Latitude = 25 12.34 N
* NMEA Longitude = 121 47.88 E
* NMEA UTC (Time) = Oct 07 2019  02:37:35
** Ship: OR2
** Station: 3-1
** Operator: CR2381
# nquan = 8
# nvalues = 8643                                  
# units = specified
# name 0 = depSM: Depth [salt water, m]
# name 1 = longitude: Longitude [deg]
# name 2 = latitude: Latitude [deg]
# name 3 = t090C: Temperature [ITS-90, deg C]
# name 4 = sal00: Salinity, Practical [PSU]
# name 5 = sigma-é00: Density [sigma-theta, kg/m^3]
# name 6 = sbeox0Mg/L: Oxygen, SBE 43 [mg/l]
# name 7 = flag:  0.000e+00
# span 0 =      0.678,    120.740                 
# span 1 =  121.79730,  121.79808                 
# span 2 =   25.20568,   25.20580                 
# span 3 =    16.8869,    25.7107                 
# span 4 =    33.8150,    34.4040                 
# span 5 =    22.2394,    25.0872                 
# span 6 =     5.6278,     6.9689                 
# span 7 = 0.0000e+00, 0.0000e+00                 
# interval = seconds: 0.0416667
# start_time = Oct 07 2019 02:37:35 [NMEA time, header]
# bad_flag = -9.990e-29
*END*
[from data line 360]
      5.401  121.79804   25.20578    25.5652    33.8335    22.2881     6.8447  0.000e+00
      5.423  121.79804   25.20578    25.5650    33.8335    22.2881     6.8433  0.000e+00
      5.510  121.79804   25.20578    25.5646    33.8329    22.2878     6.8458  0.000e+00
      5.510  121.79804   25.20578    25.5639    33.8337    22.2886     6.8449  0.000e+00
      5.531  121.79804   25.20578    25.5648    33.8332    22.2880     6.8401  0.000e+00
      5.618  121.79804   25.20578    25.5659    33.8331    22.2876     6.8391  0.000e+00
      5.560  121.79804   25.20578    25.5663    33.8333    22.2876     6.8379  0.000e+00
      5.691  121.79804   25.20578    25.5661    33.8330    22.2875     6.8409  0.000e+00
      5.669  121.79804   25.20578    25.5637    33.8329    22.2881     6.8407  0.000e+00
      5.720  121.79804   25.20578    25.5632    33.8328    22.2882     6.8404  0.000e+00
      5.749  121.79804   25.20578    25.5645    33.8330    22.2880     6.8437  0.000e+00
      5.829  121.79804   25.20578    25.5652    33.8330    22.2878     6.8435  0.000e+00
      5.778  121.79804   25.20578    25.5650    33.8335    22.2882     6.8433  0.000e+00
      5.851  121.79804   25.20578    25.5648    33.8335    22.2882     6.8395  0.000e+00
      5.938  121.79804   25.20578    25.5648    33.8334    22.2881     6.8398  0.000e+00
      5.887  121.79804   25.20578    25.5641    33.8332    22.2882     6.8398  0.000e+00
      5.959  121.79804   25.20578    25.5627    33.8333    22.2887     6.8395  0.000e+00
      5.988  121.79804   25.20578    25.5614    33.8328    22.2888     6.8400  0.000e+00
      6.046  121.79804   25.20578    25.5594    33.8329    22.2895     6.8403  0.000e+00
      6.017  121.79802   25.20578    25.5584    33.8327    22.2896     6.8407  0.000e+00
      6.155  121.79802   25.20578    25.5573    33.8330    22.2902     6.8376  0.000e+00
      6.097  121.79802   25.20578    25.5569    33.8329    22.2902     6.8415  0.000e+00
      6.177  121.79802   25.20578    25.5566    33.8329    22.2903     6.8421  0.000e+00
      6.206  121.79802   25.20578    25.5564    33.8329    22.2904     6.8427  0.000e+00
      6.264  121.79802   25.20578    25.5564    33.8332    22.2906     6.8432  0.000e+00
      6.286  121.79802   25.20578    25.5566    33.8331    22.2905     6.8438  0.000e+00
      6.315  121.79802   25.20578    25.5571    33.8333    22.2905     6.8444  0.000e+00
      6.315  121.79802   25.20578    25.5586    33.8335    22.2901     6.8449  0.000e+00
      6.395  121.79802   25.20578    25.5596    33.8335    22.2898     6.8456  0.000e+00
      6.475  121.79802   25.20578    25.5612    33.8336    22.2894     6.8463  0.000e+00
      6.475  121.79802   25.20578    25.5628    33.8333    22.2887     6.8504  0.000e+00
      6.496  121.79802   25.20578    25.5627    33.8336    22.2890     6.8478  0.000e+00
      6.533  121.79802   25.20578    25.5628    33.8332    22.2886     6.8522  0.000e+00
      6.634  121.79802   25.20578    25.5623    33.8330    22.2887     6.8495  0.000e+00
      6.583  121.79802   25.20578    25.5619    33.8328    22.2887     6.8542  0.000e+00
      6.663  121.79802   25.20578    25.5625    33.8333    22.2888     6.8587  0.000e+00
      6.692  121.79802   25.20578    25.5639    33.8332    22.2884     6.8520  0.000e+00
      6.743  121.79802   25.20578    25.5652    33.8330    22.2878     6.8598  0.000e+00
      6.765  121.79802   25.20578    25.5654    33.8331    22.2878     6.8644  0.000e+00
      6.801  121.79802   25.20578    25.5650    33.8330    22.2879     6.8579  0.000e+00
      6.852  121.79802   25.20578    25.5643    33.8335    22.2885     6.8581  0.000e+00
      6.874  121.79802   25.20578    25.5648    33.8333    22.2881     6.8624  0.000e+00
      6.903  121.79802   25.20578    25.5655    33.8331    22.2878     6.8667  0.000e+00
      6.961  121.79802   25.20578    25.5659    33.8331    22.2877     6.8674  0.000e+00
      6.982  121.79802   25.20578    25.5655    33.8333    22.2879     6.8644  0.000e+00
      7.011  121.79802   25.20578    25.5657    33.8331    22.2877     6.8610  0.000e+00
      7.069  121.79802   25.20578    25.5657    33.8330    22.2877     6.8609  0.000e+00
      7.069  121.79802   25.20578    25.5654    33.8330    22.2877     6.8683  0.000e+00
      7.091  121.79802   25.20578    25.5639    33.8331    22.2883     6.8687  0.000e+00
      7.171  121.79802   25.20578    25.5630    33.8327    22.2882     6.8690  0.000e+00
      7.171  121.79802   25.20578    25.5618    33.8331    22.2889     6.8655  0.000e+00
      7.200  121.79802   25.20578    25.5610    33.8326    22.2888     6.8696  0.000e+00
      7.229  121.79802   25.20578    25.5598    33.8330    22.2895     6.8700  0.000e+00
      7.280  121.79802   25.20578    25.5591    33.8330    22.2897     6.8664  0.000e+00
      7.309  121.79802   25.20578    25.5591    33.8328    22.2896     6.8588  0.000e+00
      7.338  121.79802   25.20578    25.5589    33.8332    22.2899     6.8619  0.000e+00
      7.338  121.79802   25.20578    25.5590    33.8329    22.2897     6.8618  0.000e+00
      7.389  121.79802   25.20578    25.5587    33.8331    22.2899     6.8616  0.000e+00
      7.360  121.79802   25.20578    25.5580    33.8328    22.2899     6.8615  0.000e+00
      7.498  121.79802   25.20578    25.5568    33.8333    22.2906     6.8580  0.000e+00
      7.439  121.79802   25.20578    25.5564    33.8332    22.2907     6.8577  0.000e+00
      7.468  121.79802   25.20578    25.5564    33.8330    22.2905     6.8576  0.000e+00
      7.548  121.79802   25.20578    25.5571    33.8330    22.2903     6.8572  0.000e+00
      7.548  121.79802   25.20578    25.5573    33.8329    22.2902     6.8567  0.000e+00
      7.577  121.79802   25.20578    25.5575    33.8329    22.2901     6.8563  0.000e+00
      7.606  121.79802   25.20578    25.5575    33.8330    22.2902     6.8559  0.000e+00
      7.548  121.79802   25.20578    25.5575    33.8330    22.2902     6.8555  0.000e+00
      7.708  121.79802   25.20578    25.5580    33.8327    22.2898     6.8552  0.000e+00
      7.679  121.79802   25.20578    25.5586    33.8329    22.2898     6.8546  0.000e+00
      7.708  121.79802   25.20578    25.5587    33.8332    22.2900     6.8540  0.000e+00
      7.708  121.79802   25.20578    25.5591    33.8330    22.2898     6.8536  0.000e+00
      7.788  121.79802   25.20578    25.5589    33.8329    22.2897     6.8570  0.000e+00
      7.766  121.79802   25.20578    25.5587    33.8327    22.2896     6.8530  0.000e+00
      7.817  121.79802   25.20578    25.5587    33.8328    22.2897     6.8564  0.000e+00
      7.817  121.79802   25.20578    25.5591    33.8329    22.2897     6.8561  0.000e+00
      7.846  121.79802   25.20578    25.5596    33.8326    22.2893     6.8596  0.000e+00
      7.875  121.79802   25.20578    25.5594    33.8329    22.2896     6.8559  0.000e+00
      7.926  121.79802   25.20578    25.5593    33.8329    22.2896     6.8595  0.000e+00
      7.947  121.79802   25.20578    25.5587    33.8335    22.2902     6.8594  0.000e+00
      7.976  121.79802   25.20578    25.5578    33.8332    22.2903     6.8560  0.000e+00
      7.976  121.79802   25.20578    25.5584    33.8327    22.2898     6.8556  0.000e+00
      8.034  121.79802   25.20578    25.5577    33.8333    22.2904     6.8707  0.000e+00
      8.056  121.79802   25.20578    25.5586    33.8329    22.2898     6.8674  0.000e+00
      8.034  121.79802   25.20578    25.5598    33.8330    22.2895     6.8639  0.000e+00
      8.085  121.79802   25.20578    25.5593    33.8330    22.2897     6.8645  0.000e+00
      8.165  121.79802   25.20578    25.5577    33.8332    22.2904     6.8686  0.000e+00
      8.143  121.79802   25.20578    25.5564    33.8327    22.2904     6.8731  0.000e+00
      8.194  121.79802   25.20578    25.5546    33.8327    22.2909     6.8707  0.000e+00
      8.194  121.79802   25.20578    25.5528    33.8325    22.2913     6.8751  0.000e+00
      8.274  121.79802   25.20578    25.5535    33.8330    22.2915     6.8718  0.000e+00
      8.252  121.79802   25.20578    25.5553    33.8326    22.2906     6.8759  0.000e+00
      8.303  121.79802   25.20578    25.5568    33.8329    22.2904     6.8730  0.000e+00
      8.303  121.79802   25.20578    25.5582    33.8324    22.2896     6.8773  0.000e+00
      8.383  121.79802   25.20578    25.5586    33.8325    22.2895     6.8743  0.000e+00
      8.354  121.79802   25.20578    25.5586    33.8325    22.2896     6.8783  0.000e+00
      8.462  121.79802   25.20578    25.5587    33.8324    22.2894     6.8713  0.000e+00
      8.383  121.79802   25.20578    25.5586    33.8323    22.2894     6.8792  0.000e+00
      8.521  121.79802   25.20578    25.5587    33.8323    22.2894     6.8764  0.000e+00
      8.462  121.79802   25.20578    25.5584    33.8322    22.2894     6.8732  0.000e+00
      8.571  121.79802   25.20578    25.5580    33.8320    22.2894     6.8811  0.000e+00
      8.542  121.79802   25.20578    25.5582    33.8320    22.2893     6.8781  0.000e+00
      8.571  121.79802   25.20578    25.5584    33.8325    22.2896     6.8749  0.000e+00
      8.622  121.79802   25.20578    25.5586    33.8322    22.2894     6.8751  0.000e+00
      8.680  121.79802   25.20578    25.5589    33.8321    22.2891     6.8748  0.000e+00
      8.651  121.79802   25.20578    25.5596    33.8319    22.2888     6.8746  0.000e+00
      8.731  121.79802   25.20578    25.5603    33.8324    22.2889     6.8706  0.000e+00
      8.731  121.79802   25.20578    25.5605    33.8324    22.2889     6.8628  0.000e+00
      8.811  121.79802   25.20578    25.5605    33.8322    22.2888     6.8696  0.000e+00
      8.789  121.79802   25.20578    25.5603    33.8324    22.2889     6.8615  0.000e+00
      8.840  121.79802   25.20578    25.5603    33.8324    22.2889     6.8681  0.000e+00
      8.891  121.79802   25.20578    25.5610    33.8321    22.2885     6.8637  0.000e+00
      8.920  121.79802   25.20578    25.5614    33.8321    22.2884     6.8629  0.000e+00
      8.891  121.79802   25.20578    25.5616    33.8328    22.2889     6.8657  0.000e+00
      8.999  121.79802   25.20578    25.5616    33.8322    22.2884     6.8615  0.000e+00
      8.949  121.79802   25.20578    25.5619    33.8322    22.2883     6.8643  0.000e+00
      9.028  121.79802   25.20578    25.5619    33.8319    22.2881     6.8675  0.000e+00
      9.108  121.79802   25.20578    25.5610    33.8317    22.2882     6.8597  0.000e+00
      9.108  121.79802   25.20578    25.5600    33.8320    22.2888     6.8589  0.000e+00
      9.108  121.79802   25.20578    25.5598    33.8323    22.2890     6.8655  0.000e+00
      9.188  121.79802   25.20578    25.5589    33.8323    22.2893     6.8652  0.000e+00
      9.217  121.79802   25.20578    25.5582    33.8323    22.2896     6.8650  0.000e+00
      9.268  121.79802   25.20578    25.5584    33.8324    22.2896     6.8720  0.000e+00
      9.268  121.79802   25.20578    25.5577    33.8325    22.2899     6.8721  0.000e+00
      9.297  121.79802   25.20578    25.5578    33.8324    22.2898     6.8646  0.000e+00
      9.377  121.79802   25.20578    25.5586    33.8326    22.2897     6.8606  0.000e+00
      9.377  121.79802   25.20578    25.5600    33.8323    22.2890     6.8598  0.000e+00
      9.427  121.79802   25.20578    25.5609    33.8324    22.2889     6.8631  0.000e+00
      9.456  121.79802   25.20578    25.5618    33.8325    22.2886     6.8628  0.000e+00
      9.427  121.79802   25.20578    25.5623    33.8328    22.2887     6.8660  0.000e+00
      9.536  121.79802   25.20578    25.5634    33.8328    22.2884     6.8657  0.000e+00
      9.594  121.79802   25.20578    25.5646    33.8326    22.2878     6.8624  0.000e+00
      9.616  121.79802   25.20578    25.5652    33.8321    22.2873     6.8588  0.000e+00
      9.645  121.79802   25.20578    25.5650    33.8309    22.2865     6.8662  0.000e+00
      9.754  121.79802   25.20578    25.5609    33.8302    22.2872     6.8670  0.000e+00
      9.696  121.79802   25.20578    25.5557    33.8309    22.2893     6.8641  0.000e+00
      9.834  121.79802   25.20578    25.5523    33.8312    22.2906     6.8726  0.000e+00
      9.805  121.79802   25.20578    25.5501    33.8314    22.2914     6.8659  0.000e+00
      9.863  121.79802   25.20578    25.5485    33.8313    22.2918     6.8741  0.000e+00
      9.914  121.79802   25.20578    25.5478    33.8318    22.2925     6.8748  0.000e+00
      9.943  121.79802   25.20578    25.5472    33.8318    22.2926     6.8795  0.000e+00
     10.022  121.79802   25.20578    25.5469    33.8322    22.2930     6.8767  0.000e+00
     10.022  121.79802   25.20578    25.5471    33.8316    22.2925     6.8775  0.000e+00
     10.131  121.79802   25.20578    25.5466    33.8315    22.2926     6.8820  0.000e+00
     10.102  121.79802   25.20578    25.5454    33.8316    22.2930     6.8831  0.000e+00
     10.182  121.79802   25.20578    25.5445    33.8318    22.2934     6.8838  0.000e+00
     10.233  121.79802   25.20578    25.5442    33.8317    22.2935     6.8849  0.000e+00
     10.233  121.79802   25.20578    25.5442    33.8321    22.2938     6.8856  0.000e+00
     10.291  121.79802   25.20578    25.5451    33.8320    22.2935     6.8861  0.000e+00
     10.371  121.79802   25.20578    25.5454    33.8321    22.2934     6.8870  0.000e+00
     10.400  121.79802   25.20578    25.5447    33.8317    22.2933     6.8841  0.000e+00
     10.451  121.79802   25.20578    25.5433    33.8313    22.2935     6.8846  0.000e+00
     10.509  121.79802   25.20578    25.5430    33.8314    22.2936     6.8849  0.000e+00
     10.530  121.79802   25.20578    25.5424    33.8319    22.2942     6.8852  0.000e+00
     10.610  121.79802   25.20578    25.5430    33.8316    22.2939     6.8854  0.000e+00
     10.668  121.79802   25.20578    25.5426    33.8315    22.2939     6.8854  0.000e+00
     10.610  121.79802   25.20578    25.5406    33.8317    22.2946     6.8851  0.000e+00
     10.690  121.79802   25.20578    25.5396    33.8316    22.2949     6.8852  0.000e+00
     10.828  121.79802   25.20578    25.5392    33.8316    22.2950     6.8847  0.000e+00
     10.828  121.79802   25.20578    25.5386    33.8311    22.2948     6.8809  0.000e+00
     10.828  121.79802   25.20578    25.5385    33.8311    22.2948     6.8802  0.000e+00
     10.879  121.79802   25.20578    25.5401    33.8314    22.2945     6.8794  0.000e+00
     10.958  121.79802   25.20578    25.5413    33.8317    22.2944     6.8751  0.000e+00
     10.987  121.79802   25.20578    25.5426    33.8319    22.2942     6.8816  0.000e+00
     11.045  121.79802   25.20578    25.5437    33.8319    22.2939     6.8736  0.000e+00
     11.096  121.79802   25.20578    25.5442    33.8316    22.2935     6.8731  0.000e+00
     11.147  121.79802   25.20578    25.5442    33.8314    22.2933     6.8797  0.000e+00
     11.176  121.79802   25.20578    25.5440    33.8316    22.2936     6.8754  0.000e+00
     11.205  121.79802   25.20578    25.5438    33.8319    22.2938     6.8713  0.000e+00
     11.256  121.79802   25.20578    25.5441    33.8316    22.2935     6.8708  0.000e+00
     11.256  121.79802   25.20578    25.5437    33.8320    22.2940     6.8778  0.000e+00
     11.285  121.79802   25.20578    25.5435    33.8321    22.2940     6.8706  0.000e+00
     11.416  121.79802   25.20578    25.5433    33.8318    22.2939     6.8706  0.000e+00
     11.416  121.79802   25.20578    25.5428    33.8315    22.2939     6.8663  0.000e+00
     11.474  121.79802   25.20578    25.5413    33.8315    22.2943     6.8656  0.000e+00
     11.524  121.79802   25.20578    25.5413    33.8318    22.2945     6.8684  0.000e+00
     11.553  121.79802   25.20578    25.5444    33.8319    22.2937     6.8675  0.000e+00
     11.524  121.79802   25.20578    25.5463    33.8316    22.2929     6.8667  0.000e+00
     11.684  121.79802   25.20578    25.5471    33.8312    22.2923     6.8702  0.000e+00
     11.633  121.79802   25.20578    25.5458    33.8310    22.2925     6.8701  0.000e+00
