CTD/3-1.cnv
* Sea-Bird SBE 9 Data File:
* FileName = D:\ctddata\cr2381\3-1.hex
* Software Version Seasave V 7.20g
* Temperature SN = 6284
* Conductivity SN = 4751
* Number of Bytes Per Scan = 34
* Number of Voltage Words = 5
* Number of Scans Averaged by the Deck Unit = 1
* NMEA Latitude = 25 12.34 N
* NMEA Longitude = 121 47.88 E
* NMEA UTC (Time) = Oct 07 2019  02:37:35
** Ship: OR2
** Station: 3-1
** Operator: CR2381
# nquan = 8
# nvalues = 8643                                  
# units = specified
# name 0 = depSM: Depth [salt water, m]
# name 1 = longitude: Longitude [deg]
# name 2 = latitude: Latitude [deg]
# name 3 = t090C: Temperature [ITS-90, deg C]
# name 4 = sal00: Salinity, Practical [PSU]
# name 5 = sigma-é00: Density [sigma-theta, kg/m^3]
# name 6 = sbeox0Mg/L: Oxygen, SBE 43 [mg/l]
# name 7 = flag:  0.000e+00
# span 0 =      0.678,    120.740                 
# span 1 =  121.79730,  121.79808                 
# span 2 =   25.20568,   25.20580                 
# span 3 =    16.8869,    25.7107                 
# span 4 =    33.8150,    34.4040                 
# span 5 =    22.2394,    25.0872                 
# span 6 =     5.6278,     6.9689                 
# span 7 = 0.0000e+00, 0.0000e+00                 
# interval = seconds: 0.0416667
# start_time = Oct 07 2019 02:37:35 [NMEA time, header]
# bad_flag = -9.990e-29
*END*
[from data line 540]
     11.713  121.79802   25.20578    25.5435    33.8311    22.2934     6.8618  0.000e+00
     11.742  121.79802   25.20578    25.5423    33.8308    22.2935     6.8577  0.000e+00
     11.793  121.79802   25.20578    25.5407    33.8304    22.2937     6.8572  0.000e+00
     11.851  121.79802   25.20578    25.5390    33.8307    22.2944     6.8640  0.000e+00
     11.851  121.79802   25.20578    25.5383    33.8303    22.2944     6.8640  0.000e+00
     11.873  121.79802   25.20578    25.5376    33.8309    22.2950     6.8599  0.000e+00
     11.902  121.79802   25.20578    25.5374    33.8308    22.2950     6.8521  0.000e+00
     11.952  121.79800   25.20580    25.5372    33.8309    22.2951     6.8591  0.000e+00
     11.952  121.79800   25.20580    25.5376    33.8306    22.2948     6.8516  0.000e+00
     12.010  121.79800   25.20580    25.5372    33.8304    22.2948     6.8511  0.000e+00
     12.010  121.79800   25.20580    25.5370    33.8306    22.2950     6.8506  0.000e+00
     11.981  121.79800   25.20580    25.5370    33.8307    22.2950     6.8503  0.000e+00
     12.061  121.79800   25.20580    25.5372    33.8307    22.2950     6.8502  0.000e+00
     12.061  121.79800   25.20580    25.5376    33.8308    22.2950     6.8500  0.000e+00
     12.119  121.79800   25.20580    25.5376    33.8308    22.2950     6.8500  0.000e+00
     12.119  121.79800   25.20580    25.5374    33.8310    22.2952     6.8500  0.000e+00
     12.141  121.79800   25.20580    25.5374    33.8303    22.2946     6.8501  0.000e+00
     12.119  121.79800   25.20580    25.5374    33.8304    22.2947     6.8501  0.000e+00
     12.170  121.79800   25.20580    25.5372    33.8298    22.2943     6.8501  0.000e+00
     12.170  121.79800   25.20580    25.5370    33.8303    22.2948     6.8501  0.000e+00
     12.170  121.79800   25.20580    25.5386    33.8302    22.2942     6.8499  0.000e+00
     12.199  121.79800   25.20580    25.5390    33.8303    22.2942     6.8537  0.000e+00
     12.228  121.79800   25.20580    25.5394    33.8304    22.2941     6.8502  0.000e+00
     12.228  121.79800   25.20580    25.5399    33.8305    22.2940     6.8540  0.000e+00
     12.279  121.79800   25.20580    25.5417    33.8303    22.2933     6.8542  0.000e+00
     12.228  121.79800   25.20580    25.5435    33.8304    22.2929     6.8506  0.000e+00
     12.250  121.79800   25.20580    25.5449    33.8301    22.2922     6.8507  0.000e+00
     12.279  121.79800   25.20580    25.5453    33.8301    22.2921     6.8507  0.000e+00
     12.279  121.79800   25.20580    25.5447    33.8301    22.2923     6.8509  0.000e+00
     12.279  121.79800   25.20580    25.5445    33.8301    22.2923     6.8511  0.000e+00
     12.330  121.79800   25.20580    25.5451    33.8309    22.2927     6.8510  0.000e+00
     12.279  121.79802   25.20578    25.5462    33.8309    22.2924     6.8512  0.000e+00
     12.359  121.79802   25.20578    25.5478    33.8308    22.2919     6.8511  0.000e+00
     12.330  121.79802   25.20578    25.5489    33.8303    22.2911     6.8510  0.000e+00
     12.330  121.79802   25.20578    25.5492    33.8306    22.2912     6.8515  0.000e+00
     12.330  121.79802   25.20578    25.5496    33.8299    22.2906     6.8518  0.000e+00
     12.388  121.79802   25.20578    25.5492    33.8299    22.2907     6.8521  0.000e+00
     12.359  121.79802   25.20578    25.5489    33.8302    22.2911     6.8522  0.000e+00
     12.388  121.79802   25.20578    25.5487    33.8303    22.2912     6.8567  0.000e+00
     12.439  121.79802   25.20578    25.5487    33.8304    22.2913     6.8534  0.000e+00
     12.388  121.79802   25.20578    25.5488    33.8307    22.2915     6.8536  0.000e+00
     12.388  121.79802   25.20578    25.5487    33.8303    22.2912     6.8613  0.000e+00
     12.497  121.79802   25.20578    25.5483    33.8301    22.2912     6.8544  0.000e+00
     12.417  121.79802   25.20578    25.5478    33.8305    22.2916     6.8622  0.000e+00
     12.497  121.79802   25.20578    25.5478    33.8304    22.2916     6.8555  0.000e+00
     12.497  121.79802   25.20578    25.5483    33.8302    22.2913     6.8595  0.000e+00
     12.497  121.79802   25.20578    25.5483    33.8304    22.2914     6.8641  0.000e+00
     12.497  121.79802   25.20578    25.5489    33.8302    22.2911     6.8613  0.000e+00
     12.576  121.79802   25.20578    25.5487    33.8299    22.2909     6.8658  0.000e+00
     12.547  121.79802   25.20578    25.5474    33.8302    22.2915     6.8703  0.000e+00
     12.598  121.79802   25.20578    25.5471    33.8303    22.2917     6.8710  0.000e+00
     12.598  121.79802   25.20578    25.5463    33.8299    22.2916     6.8679  0.000e+00
     12.656  121.79802   25.20578    25.5463    33.8296    22.2914     6.8725  0.000e+00
     12.598  121.79802   25.20578    25.5469    33.8301    22.2916     6.8659  0.000e+00
     12.736  121.79802   25.20578    25.5474    33.8305    22.2917     6.8663  0.000e+00
     12.707  121.79800   25.20578    25.5476    33.8305    22.2917     6.8700  0.000e+00
     12.765  121.79800   25.20578    25.5472    33.8303    22.2917     6.8745  0.000e+00
     12.816  121.79800   25.20578    25.5467    33.8300    22.2916     6.8749  0.000e+00
     12.816  121.79800   25.20578    25.5451    33.8304    22.2924     6.8754  0.000e+00
     12.845  121.79800   25.20578    25.5445    33.8303    22.2925     6.8758  0.000e+00
     12.867  121.79800   25.20578    25.5444    33.8304    22.2926     6.8761  0.000e+00
     12.925  121.79800   25.20578    25.5440    33.8303    22.2927     6.8765  0.000e+00
     12.975  121.79800   25.20578    25.5447    33.8302    22.2924     6.8729  0.000e+00
     12.975  121.79800   25.20578    25.5451    33.8303    22.2924     6.8729  0.000e+00
     13.034  121.79800   25.20578    25.5451    33.8304    22.2924     6.8729  0.000e+00
     13.113  121.79800   25.20578    25.5447    33.8306    22.2927     6.8767  0.000e+00
     13.084  121.79800   25.20578    25.5447    33.8309    22.2929     6.8768  0.000e+00
     13.135  121.79800   25.20578    25.5456    33.8305    22.2923     6.8769  0.000e+00
     13.244  121.79800   25.20578    25.5474    33.8305    22.2918     6.8768  0.000e+00
     13.193  121.79800   25.20578    25.5485    33.8305    22.2914     6.8730  0.000e+00
     13.353  121.79800   25.20578    25.5492    33.8306    22.2913     6.8768  0.000e+00
     13.331  121.79800   25.20578    25.5494    33.8306    22.2912     6.8768  0.000e+00
     13.353  121.79800   25.20578    25.5492    33.8305    22.2913     6.8733  0.000e+00
     13.462  121.79800   25.20578    25.5496    33.8303    22.2910     6.8771  0.000e+00
     13.462  121.79800   25.20578    25.5500    33.8304    22.2909     6.8733  0.000e+00
     13.512  121.79800   25.20578    25.5500    33.8304    22.2910     6.8768  0.000e+00
     13.512  121.79800   25.20578    25.5498    33.8306    22.2911     6.8693  0.000e+00
     13.650  121.79800   25.20578    25.5496    33.8302    22.2909     6.8689  0.000e+00
     13.621  121.79800   25.20578    25.5491    33.8307    22.2915     6.8722  0.000e+00
     13.730  121.79800   25.20580    25.5487    33.8303    22.2913     6.8645  0.000e+00
     13.781  121.79800   25.20580    25.5481    33.8303    22.2914     6.8676  0.000e+00
     13.781  121.79800   25.20580    25.5476    33.8303    22.2916     6.8633  0.000e+00
     13.839  121.79800   25.20580    25.5471    33.8303    22.2918     6.8665  0.000e+00
     13.890  121.79800   25.20580    25.5465    33.8306    22.2922     6.8622  0.000e+00
     13.970  121.79800   25.20580    25.5463    33.8305    22.2922     6.8653  0.000e+00
     13.999  121.79800   25.20580    25.5463    33.8302    22.2919     6.8648  0.000e+00
     14.107  121.79800   25.20580    25.5463    33.8303    22.2921     6.8606  0.000e+00
     14.107  121.79800   25.20580    25.5462    33.8305    22.2922     6.8600  0.000e+00
     14.158  121.79800   25.20580    25.5460    33.8306    22.2924     6.8593  0.000e+00
     14.216  121.79800   25.20580    25.5458    33.8305    22.2923     6.8586  0.000e+00
     14.267  121.79800   25.20580    25.5460    33.8306    22.2923     6.8583  0.000e+00
     14.347  121.79800   25.20580    25.5460    33.8303    22.2922     6.8576  0.000e+00
     14.318  121.79800   25.20580    25.5459    33.8308    22.2926     6.8573  0.000e+00
     14.427  121.79800   25.20580    25.5463    33.8308    22.2924     6.8565  0.000e+00
     14.485  121.79800   25.20580    25.5471    33.8311    22.2925     6.8560  0.000e+00
     14.485  121.79800   25.20580    25.5481    33.8310    22.2921     6.8518  0.000e+00
     14.536  121.79800   25.20580    25.5509    33.8311    22.2912     6.8508  0.000e+00
     14.644  121.79800   25.20580    25.5537    33.8311    22.2904     6.8501  0.000e+00
     14.615  121.79800   25.20580    25.5551    33.8321    22.2907     6.8497  0.000e+00
     14.753  121.79800   25.20580    25.5584    33.8318    22.2895     6.8493  0.000e+00
     14.695  121.79800   25.20580    25.5612    33.8321    22.2889     6.8448  0.000e+00
     14.804  121.79800   25.20580    25.5641    33.8318    22.2877     6.8442  0.000e+00
     14.804  121.79800   25.20580    25.5650    33.8320    22.2876     6.8434  0.000e+00
     14.855  121.79800   25.20580    25.5657    33.8321    22.2875     6.8427  0.000e+00
     14.913  121.79800   25.20580    25.5659    33.8316    22.2871     6.8460  0.000e+00
     14.913  121.79800   25.20580    25.5655    33.8313    22.2869     6.8461  0.000e+00
     14.993  121.79800   25.20580    25.5655    33.8313    22.2870     6.8425  0.000e+00
     15.072  121.79800   25.20580    25.5661    33.8314    22.2869     6.8424  0.000e+00
     15.022  121.79800   25.20580    25.5657    33.8312    22.2868     6.8461  0.000e+00
     15.022  121.79800   25.20580    25.5643    33.8306    22.2868     6.8465  0.000e+00
     15.181  121.79800   25.20580    25.5627    33.8308    22.2874     6.8432  0.000e+00
     15.181  121.79800   25.20580    25.5632    33.8312    22.2876     6.8430  0.000e+00
     15.181  121.79800   25.20580    25.5646    33.8316    22.2875     6.8427  0.000e+00
     15.290  121.79800   25.20580    25.5659    33.8317    22.2872     6.8463  0.000e+00
     15.261  121.79800   25.20580    25.5672    33.8318    22.2868     6.8465  0.000e+00
     15.290  121.79800   25.20580    25.5677    33.8318    22.2867     6.8468  0.000e+00
     15.341  121.79800   25.20580    25.5681    33.8318    22.2866     6.8435  0.000e+00
     15.392  121.79800   25.20580    25.5680    33.8319    22.2867     6.8476  0.000e+00
     15.341  121.79800   25.20580    25.5680    33.8322    22.2869     6.8478  0.000e+00
     15.450  121.79800   25.20580    25.5684    33.8320    22.2866     6.8484  0.000e+00
     15.501  121.79800   25.20580    25.5691    33.8319    22.2863     6.8490  0.000e+00
     15.501  121.79800   25.20580    25.5705    33.8319    22.2859     6.8529  0.000e+00
     15.501  121.79800   25.20580    25.5709    33.8320    22.2859     6.8537  0.000e+00
     15.530  121.79800   25.20580    25.5720    33.8314    22.2851     6.8543  0.000e+00
     15.559  121.79800   25.20580    25.5725    33.8320    22.2854     6.8551  0.000e+00
     15.667  121.79800   25.20580    25.5734    33.8317    22.2849     6.8556  0.000e+00
     15.559  121.79800   25.20580    25.5738    33.8316    22.2847     6.8597  0.000e+00
     15.667  121.79800   25.20578    25.5742    33.8317    22.2846     6.8569  0.000e+00
     15.718  121.79800   25.20578    25.5745    33.8312    22.2842     6.8648  0.000e+00
     15.667  121.79800   25.20578    25.5745    33.8314    22.2843     6.8618  0.000e+00
     15.718  121.79800   25.20578    25.5740    33.8314    22.2845     6.8624  0.000e+00
     15.769  121.79800   25.20578    25.5734    33.8312    22.2845     6.8595  0.000e+00
     15.747  121.79800   25.20578    25.5727    33.8308    22.2844     6.8636  0.000e+00
     15.827  121.79800   25.20578    25.5709    33.8302    22.2845     6.8608  0.000e+00
     15.827  121.79800   25.20578    25.5684    33.8304    22.2854     6.8691  0.000e+00
     15.827  121.79800   25.20578    25.5659    33.8313    22.2869     6.8625  0.000e+00
     15.936  121.79800   25.20578    25.5654    33.8320    22.2876     6.8704  0.000e+00
     15.827  121.79800   25.20578    25.5677    33.8319    22.2868     6.8669  0.000e+00
     15.936  121.79800   25.20578    25.5707    33.8318    22.2858     6.8709  0.000e+00
     15.936  121.79800   25.20578    25.5720    33.8314    22.2851     6.8751  0.000e+00
     15.936  121.79800   25.20578    25.5727    33.8315    22.2850     6.8759  0.000e+00
     16.016  121.79800   25.20578    25.5749    33.8314    22.2842     6.8765  0.000e+00
     16.038  121.79800   25.20578    25.5761    33.8315    22.2839     6.8771  0.000e+00
     15.987  121.79800   25.20578    25.5766    33.8316    22.2838     6.8777  0.000e+00
     16.096  121.79800   25.20578    25.5774    33.8320    22.2840     6.8820  0.000e+00
     16.038  121.79800   25.20578    25.5772    33.8326    22.2844     6.8864  0.000e+00
     16.096  121.79800   25.20578    25.5781    33.8330    22.2845     6.8871  0.000e+00
     16.146  121.79800   25.20578    25.5808    33.8328    22.2835     6.8876  0.000e+00
     16.146  121.79800   25.20578    25.5820    33.8324    22.2828     6.8882  0.000e+00
     16.204  121.79800   25.20578    25.5806    33.8320    22.2829     6.8926  0.000e+00
     16.204  121.79800   25.20578    25.5802    33.8318    22.2829     6.8895  0.000e+00
     16.233  121.79800   25.20578    25.5801    33.8317    22.2829     6.8898  0.000e+00
     16.204  121.79800   25.20578    25.5792    33.8316    22.2831     6.8902  0.000e+00
     16.306  121.79800   25.20578    25.5779    33.8313    22.2833     6.8946  0.000e+00
     16.306  121.79800   25.20578    25.5756    33.8315    22.2841     6.8916  0.000e+00
     16.306  121.79800   25.20578    25.5747    33.8316    22.2845     6.8956  0.000e+00
     16.306  121.79800   25.20578    25.5745    33.8314    22.2844     6.8920  0.000e+00
     16.415  121.79800   25.20578    25.5734    33.8309    22.2843     6.8924  0.000e+00
     16.364  121.79800   25.20578    25.5725    33.8318    22.2853     6.8963  0.000e+00
     16.473  121.79800   25.20578    25.5729    33.8330    22.2861     6.8926  0.000e+00
     16.415  121.79800   25.20578    25.5742    33.8287    22.2824     6.8923  0.000e+00
     16.502  121.79800   25.20578    25.5788    33.8262    22.2792     6.8916  0.000e+00
     16.473  121.79800   25.20578    25.5847    33.8317    22.2815     6.8867  0.000e+00
     16.524  121.79800   25.20578    25.5894    33.8331    22.2811     6.8895  0.000e+00
     16.575  121.79800   25.20578    25.5908    33.8322    22.2800     6.8854  0.000e+00
     16.575  121.79800   25.20578    25.5887    33.8325    22.2809     6.8849  0.000e+00
     16.633  121.79800   25.20578    25.5863    33.8321    22.2813     6.8885  0.000e+00
     16.575  121.79800   25.20578    25.5853    33.8307    22.2805     6.8844  0.000e+00
     16.683  121.79800   25.20578    25.5842    33.8319    22.2818     6.8877  0.000e+00
     16.683  121.79800   25.20578    25.5853    33.8326    22.2820     6.8795  0.000e+00
     16.683  121.79800   25.20578    25.5869    33.8327    22.2816     6.8861  0.000e+00
     16.741  121.79800   25.20578    25.5858    33.8317    22.2812     6.8822  0.000e+00
     16.741  121.79800   25.20578    25.5834    33.8315    22.2818     6.8857  0.000e+00
     16.770  121.79800   25.20578    25.5813    33.8313    22.2822     6.8855  0.000e+00
     16.901  121.79800   25.20578    25.5824    33.8312    22.2818     6.8850  0.000e+00
     16.843  121.79800   25.20578    25.5853    33.8316    22.2812     6.8843  0.000e+00
     16.843  121.79800   25.20578    25.5872    33.8314    22.2805     6.8873  0.000e+00
     16.901  121.79800   25.20578    25.5878    33.8313    22.2802     6.8836  0.000e+00
     16.952  121.79800   25.20578    25.5885    33.8313    22.2800     6.8831  0.000e+00
