CTD/4-1.cnv
* Sea-Bird SBE 9 Data File:
* FileName = D:\ctddata\cr2381\4-1.hex
* Software Version Seasave V 7.20g
* Temperature SN = 6284
* Conductivity SN = 4751
* Number of Bytes Per Scan = 34
* Number of Voltage Words = 5
* Number of Scans Averaged by the Deck Unit = 1
* NMEA Latitude = 25 12.52 N
* NMEA Longitude = 121 46.89 E
* NMEA UTC (Time) = Oct 07 2019  02:53:49
** Ship: OR2
** Station: 4-1
** Operator: CR2381
# nquan = 8
# nvalues = 7337                                  
# units = specified
# name 0 = depSM: Depth [salt water, m]
# name 1 = longitude: Longitude [deg]
# name 2 = latitude: Latitude [deg]
# name 3 = t090C: Temperature [ITS-90, deg C]
# name 4 = sal00: Salinity, Practical [PSU]
# name 5 = sigma-é00: Density [sigma-theta, kg/m^3]
# name 6 = sbeox0Mg/L: Oxygen, SBE 43 [mg/l]
# name 7 = flag:  0.000e+00
# span 0 =      0.791,    101.623                 
# span 1 =  121.78102,  121.78158                 
# span 2 =   25.20804,   25.20866                 
# span 3 =    18.3470,    25.8520                 
# span 4 =    33.7481,    34.2900                 
# span 5 =    22.1400,    24.6466                 
# span 6 =     5.7322,     6.9113                 
# span 7 = 0.0000e+00, 0.0000e+00                 
# interval = seconds: 0.0416667
# start_time = Oct 07 2019 02:53:49 [NMEA time, header]
# bad_flag = -9.990e-29
*END*
[from data line 4495]
     71.924  121.78130   25.20824    18.7970    34.2458    24.4994     5.7809  0.000e+00
     71.873  121.78130   25.20824    18.7962    34.2465    24.5001     5.7808  0.000e+00
     71.873  121.78130   25.20824    18.7962    34.2463    24.5000     5.7807  0.000e+00
     71.873  121.78130   25.20824    18.7967    34.2461    24.4997     5.7805  0.000e+00
     71.815  121.78130   25.20824    18.7965    34.2464    24.4999     5.7844  0.000e+00
     71.909  121.78130   25.20824    18.7965    34.2458    24.4995     5.7803  0.000e+00
     71.815  121.78130   25.20824    18.7960    34.2459    24.4997     5.7845  0.000e+00
     71.764  121.78130   25.20824    18.7951    34.2462    24.5001     5.7844  0.000e+00
     71.764  121.78130   25.20824    18.7948    34.2462    24.5002     5.7842  0.000e+00
     71.815  121.78130   25.20824    18.7936    34.2469    24.5011     5.7798  0.000e+00
     71.764  121.78130   25.20824    18.7941    34.2466    24.5007     5.7791  0.000e+00
     71.604  121.78130   25.20824    18.7953    34.2463    24.5002     5.7787  0.000e+00
     71.691  121.78128   25.20824    18.7955    34.2463    24.5001     5.7781  0.000e+00
     71.655  121.78128   25.20824    18.7958    34.2464    24.5001     5.7778  0.000e+00
     71.655  121.78128   25.20824    18.7965    34.2468    24.5003     5.7775  0.000e+00
     71.546  121.78128   25.20824    18.7986    34.2476    24.5003     5.7812  0.000e+00
     71.655  121.78128   25.20824    18.8050    34.2452    24.4969     5.7764  0.000e+00
     71.546  121.78128   25.20824    18.8065    34.2459    24.4970     5.7802  0.000e+00
     71.546  121.78128   25.20824    18.8210    34.2488    24.4956     5.7786  0.000e+00
     71.481  121.78128   25.20824    18.8408    34.2436    24.4866     5.7766  0.000e+00
     71.546  121.78128   25.20824    18.8332    34.2391    24.4851     5.7777  0.000e+00
     71.496  121.78128   25.20824    18.8165    34.2402    24.4902     5.7795  0.000e+00
     71.445  121.78128   25.20824    18.8080    34.2432    24.4946     5.7806  0.000e+00
     71.387  121.78128   25.20824    18.8063    34.2447    24.4962     5.7854  0.000e+00
     71.445  121.78128   25.20824    18.8070    34.2448    24.4961     5.7860  0.000e+00
     71.387  121.78128   25.20824    18.8058    34.2448    24.4963     5.7824  0.000e+00
     71.278  121.78128   25.20824    18.8027    34.2442    24.4967     5.7870  0.000e+00
     71.423  121.78128   25.20824    18.7991    34.2457    24.4987     5.7878  0.000e+00
     71.278  121.78128   25.20824    18.7996    34.2460    24.4988     5.7882  0.000e+00
     71.278  121.78128   25.20824    18.7995    34.2457    24.4986     5.7885  0.000e+00
     71.278  121.78128   25.20824    18.7982    34.2460    24.4992     5.7888  0.000e+00
     71.227  121.78128   25.20824    18.7977    34.2460    24.4993     5.7890  0.000e+00
     71.278  121.78128   25.20824    18.7981    34.2463    24.4995     5.7895  0.000e+00
     71.169  121.78128   25.20824    18.8000    34.2474    24.4998     5.7896  0.000e+00
     71.213  121.78128   25.20824    18.8060    34.2477    24.4985     5.7895  0.000e+00
     71.169  121.78128   25.20824    18.8108    34.2471    24.4969     5.7894  0.000e+00
     71.118  121.78128   25.20824    18.8142    34.2483    24.4969     5.7894  0.000e+00
     71.118  121.78128   25.20824    18.8225    34.2478    24.4944     5.7889  0.000e+00
     71.067  121.78128   25.20824    18.8292    34.2455    24.4910     5.7883  0.000e+00
     71.118  121.78128   25.20824    18.8315    34.2443    24.4895     5.7885  0.000e+00
     71.009  121.78128   25.20824    18.8365    34.2444    24.4883     5.7879  0.000e+00
     71.067  121.78128   25.20824    18.8418    34.2426    24.4856     5.7878  0.000e+00
     70.995  121.78128   25.20824    18.8427    34.2413    24.4844     5.7877  0.000e+00
     71.009  121.78128   25.20824    18.8405    34.2408    24.4846     5.7879  0.000e+00
     71.009  121.78128   25.20824    18.8375    34.2415    24.4859     5.7885  0.000e+00
     70.959  121.78128   25.20824    18.8360    34.2426    24.4870     5.7929  0.000e+00
     70.901  121.78128   25.20824    18.8377    34.2432    24.4871     5.7885  0.000e+00
     70.959  121.78128   25.20824    18.8428    34.2445    24.4868     5.7878  0.000e+00
     70.901  121.78128   25.20824    18.8503    34.2439    24.4844     5.7867  0.000e+00
     70.959  121.78128   25.20824    18.8579    34.2435    24.4823     5.7858  0.000e+00
     70.850  121.78128   25.20824    18.8646    34.2420    24.4794     5.7848  0.000e+00
     70.944  121.78128   25.20824    18.8656    34.2425    24.4795     5.7844  0.000e+00
     70.799  121.78128   25.20824    18.8693    34.2414    24.4777     5.7837  0.000e+00
     70.850  121.78128   25.20824    18.8710    34.2395    24.4758     5.7836  0.000e+00
     70.850  121.78128   25.20824    18.8733    34.2384    24.4744     5.7831  0.000e+00
     70.799  121.78128   25.20824    18.8777    34.2389    24.4737     5.7825  0.000e+00
     70.799  121.78128   25.20824    18.8834    34.2391    24.4724     5.7819  0.000e+00
     70.799  121.78128   25.20824    18.8870    34.2373    24.4702     5.7815  0.000e+00
     70.799  121.78128   25.20824    18.8881    34.2345    24.4677     5.7811  0.000e+00
     70.777  121.78128   25.20824    18.8812    34.2349    24.4697     5.7814  0.000e+00
     70.799  121.78128   25.20824    18.8763    34.2345    24.4707     5.7858  0.000e+00
     70.741  121.78128   25.20824    18.8667    34.2354    24.4738     5.7866  0.000e+00
     70.799  121.78128   25.20824    18.8551    34.2372    24.4781     5.7877  0.000e+00
     70.741  121.78128   25.20824    18.8448    34.2398    24.4827     5.7884  0.000e+00
     70.690  121.78128   25.20824    18.8389    34.2440    24.4874     5.7889  0.000e+00
     70.799  121.78128   25.20824    18.8423    34.2443    24.4868     5.7883  0.000e+00
     70.741  121.78128   25.20824    18.8446    34.2414    24.4840     5.7881  0.000e+00
     70.727  121.78128   25.20824    18.8414    34.2451    24.4876     5.7883  0.000e+00
     70.690  121.78128   25.20824    18.8503    34.2446    24.4850     5.7872  0.000e+00
     70.690  121.78128   25.20824    18.8577    34.2397    24.4793     5.7865  0.000e+00
     70.690  121.78128   25.20824    18.8587    34.2396    24.4790     5.7863  0.000e+00
     70.690  121.78128   25.20824    18.8559    34.2366    24.4774     5.7865  0.000e+00
     70.690  121.78128   25.20824    18.8428    34.2387    24.4823     5.7880  0.000e+00
     70.741  121.78128   25.20824    18.8364    34.2402    24.4851     5.7932  0.000e+00
     70.632  121.78128   25.20824    18.8337    34.2423    24.4874     5.7935  0.000e+00
     70.632  121.78128   25.20824    18.8349    34.2423    24.4871     5.7938  0.000e+00
     70.727  121.78128   25.20824    18.8239    34.2415    24.4893     5.7955  0.000e+00
     70.632  121.78128   25.20824    18.8101    34.2480    24.4977     5.7970  0.000e+00
     70.632  121.78128   25.20824    18.8256    34.2465    24.4926     5.7957  0.000e+00
     70.632  121.78128   25.20824    18.8358    34.2356    24.4817     5.7997  0.000e+00
     70.632  121.78128   25.20824    18.8218    34.2339    24.4840     5.8019  0.000e+00
     70.632  121.78128   25.20824    18.8041    34.2389    24.4923     5.8042  0.000e+00
     70.582  121.78128   25.20824    18.7936    34.2429    24.4980     5.8057  0.000e+00
     70.582  121.78128   25.20824    18.7871    34.2457    24.5018     5.8024  0.000e+00
     70.582  121.78128   25.20824    18.7833    34.2478    24.5043     5.8029  0.000e+00
     70.509  121.78128   25.20824    18.7833    34.2494    24.5055     5.8072  0.000e+00
     70.524  121.78128   25.20824    18.7857    34.2496    24.5051     5.8073  0.000e+00
     70.473  121.78128   25.20824    18.7867    34.2491    24.5045     5.8075  0.000e+00
     70.524  121.78128   25.20824    18.7863    34.2489    24.5044     5.8079  0.000e+00
     70.422  121.78128   25.20824    18.7858    34.2490    24.5045     5.8081  0.000e+00
     70.473  121.78128   25.20824    18.7850    34.2488    24.5046     5.8085  0.000e+00
     70.422  121.78128   25.20824    18.7847    34.2491    24.5050     5.8086  0.000e+00
     70.364  121.78128   25.20824    18.7848    34.2486    24.5045     5.8044  0.000e+00
     70.364  121.78128   25.20824    18.7836    34.2489    24.5051     5.8042  0.000e+00
     70.299  121.78128   25.20824    18.7850    34.2489    24.5047     5.8041  0.000e+00
     70.313  121.78128   25.20824    18.7858    34.2491    24.5046     5.8038  0.000e+00
     70.255  121.78128   25.20824    18.7867    34.2486    24.5041     5.8033  0.000e+00
     70.255  121.78128   25.20824    18.7860    34.2481    24.5039     5.8031  0.000e+00
     70.153  121.78128   25.20824    18.7843    34.2490    24.5049     5.8028  0.000e+00
     70.204  121.78128   25.20824    18.7883    34.2485    24.5036     5.8020  0.000e+00
     70.095  121.78128   25.20824    18.7913    34.2490    24.5031     5.8012  0.000e+00
     70.154  121.78128   25.20824    18.7941    34.2510    24.5040     5.7960  0.000e+00
     70.045  121.78128   25.20824    18.8027    34.2526    24.5031     5.7985  0.000e+00
     69.885  121.78128   25.20824    18.8086    34.2514    24.5006     5.7973  0.000e+00
     70.081  121.78128   25.20824    18.8115    34.2485    24.4977     5.7967  0.000e+00
     69.936  121.78128   25.20824    18.8112    34.2447    24.4949     5.7963  0.000e+00
     69.885  121.78128   25.20824    18.8122    34.2459    24.4956     5.7955  0.000e+00
     69.827  121.78128   25.20824    18.8192    34.2457    24.4936     5.7941  0.000e+00
     69.776  121.78128   25.20824    18.8244    34.2449    24.4917     5.7929  0.000e+00
     69.776  121.78128   25.20824    18.8280    34.2452    24.4910     5.7922  0.000e+00
     69.667  121.78128   25.20824    18.8310    34.2456    24.4905     5.7914  0.000e+00
     69.718  121.78128   25.20824    18.8339    34.2488    24.4923     5.7907  0.000e+00
     69.609  121.78128   25.20824    18.8437    34.2565    24.4957     5.7846  0.000e+00
     69.508  121.78128   25.20824    18.8639    34.2558    24.4901     5.7860  0.000e+00
     69.435  121.78128   25.20824    18.8796    34.2473    24.4796     5.7842  0.000e+00
     69.449  121.78128   25.20824    18.8872    34.2429    24.4743     5.7831  0.000e+00
     69.399  121.78128   25.20824    18.8929    34.2462    24.4754     5.7820  0.000e+00
     69.239  121.78128   25.20824    18.9058    34.2520    24.4765     5.7842  0.000e+00
     69.290  121.78128   25.20824    18.9293    34.2489    24.4682     5.7774  0.000e+00
     69.181  121.78128   25.20824    18.9501    34.2406    24.4566     5.7749  0.000e+00
     69.130  121.78128   25.20824    18.9598    34.2349    24.4498     5.7735  0.000e+00
     69.130  121.78128   25.20824    18.9660    34.2352    24.4484     5.7724  0.000e+00
     68.963  121.78128   25.20824    18.9756    34.2339    24.4450     5.7711  0.000e+00
     68.912  121.78128   25.20824    18.9833    34.2306    24.4405     5.7702  0.000e+00
     69.072  121.78128   25.20824    18.9871    34.2280    24.4376     5.7742  0.000e+00
     68.694  121.78128   25.20824    18.9883    34.2286    24.4377     5.7740  0.000e+00
     68.789  121.78128   25.20824    18.9944    34.2340    24.4403     5.7690  0.000e+00
     68.862  121.78128   25.20824    19.0122    34.2358    24.4372     5.7669  0.000e+00
     68.593  121.78128   25.20824    19.0330    34.2328    24.4296     5.7648  0.000e+00
     68.593  121.78128   25.20824    19.0503    34.2275    24.4211     5.7632  0.000e+00
     68.593  121.78128   25.20824    19.0609    34.2227    24.4148     5.7668  0.000e+00
     68.535  121.78128   25.20824    19.0635    34.2194    24.4116     5.7672  0.000e+00
     68.375  121.78128   25.20824    19.0589    34.2173    24.4111     5.7678  0.000e+00
     68.375  121.78128   25.20824    19.0519    34.2177    24.4132     5.7687  0.000e+00
     68.324  121.78128   25.20824    19.0488    34.2216    24.4170     5.7694  0.000e+00
     68.215  121.78128   25.20824    19.0536    34.2243    24.4178     5.7735  0.000e+00
     68.215  121.78128   25.20824    19.0622    34.2247    24.4160     5.7691  0.000e+00
     68.048  121.78128   25.20824    19.0709    34.2237    24.4130     5.7729  0.000e+00
     68.048  121.78128   25.20824    19.0800    34.2222    24.4095     5.7728  0.000e+00
     68.048  121.78128   25.20824    19.0876    34.2209    24.4066     5.7728  0.000e+00
     67.889  121.78128   25.20824    19.0945    34.2221    24.4057     5.7727  0.000e+00
     67.889  121.78128   25.20824    19.1103    34.2253    24.4042     5.7713  0.000e+00
     67.838  121.78128   25.20824    19.1401    34.2230    24.3948     5.7685  0.000e+00
     67.715  121.78128   25.20824    19.1679    34.2202    24.3855     5.7658  0.000e+00
     67.729  121.78128   25.20824    19.1959    34.2162    24.3754     5.7676  0.000e+00
     67.678  121.78128   25.20824    19.2181    34.2126    24.3670     5.7659  0.000e+00
     67.620  121.78128   25.20824    19.2323    34.2079    24.3597     5.7694  0.000e+00
     67.511  121.78128   25.20824    19.2390    34.2031    24.3544     5.7696  0.000e+00
     67.460  121.78128   25.20824    19.2387    34.2022    24.3537     5.7705  0.000e+00
     67.460  121.78128   25.20824    19.2395    34.2029    24.3541     5.7711  0.000e+00
     67.402  121.78128   25.20824    19.2404    34.1999    24.3515     5.7714  0.000e+00
     67.301  121.78128   25.20824    19.2314    34.1980    24.3524     5.7730  0.000e+00
     67.301  121.78128   25.20824    19.2281    34.2080    24.3608     5.7736  0.000e+00
     67.192  121.78128   25.20824    19.2574    34.2166    24.3599     5.7749  0.000e+00
     67.192  121.78128   25.20824    19.3072    34.2238    24.3527     5.7700  0.000e+00
     67.192  121.78128   25.20824    19.3724    34.2307    24.3412     5.7634  0.000e+00
     67.083  121.78128   25.20824    19.4594    34.2238    24.3135     5.7548  0.000e+00
     67.032  121.78128   25.20824    19.5456    34.2081    24.2793     5.7465  0.000e+00
     66.974  121.78128   25.20824    19.6086    34.1927    24.2513     5.7407  0.000e+00
     67.032  121.78128   25.20824    19.6498    34.1817    24.2322     5.7414  0.000e+00
     66.923  121.78128   25.20824    19.6783    34.1778    24.2218     5.7391  0.000e+00
     66.865  121.78128   25.20824    19.7097    34.1799    24.2153     5.7359  0.000e+00
     66.814  121.78128   25.20824    19.7484    34.1779    24.2037     5.7322  0.000e+00
     66.814  121.78128   25.20824    19.7842    34.1708    24.1890     5.7333  0.000e+00
     66.764  121.78128   25.20824    19.8129    34.1607    24.1738     5.7355  0.000e+00
     66.706  121.78128   25.20824    19.8294    34.1537    24.1641     5.7347  0.000e+00
     66.764  121.78128   25.20824    19.8400    34.1519    24.1600     5.7348  0.000e+00
     66.655  121.78128   25.20824    19.8502    34.1509    24.1566     5.7343  0.000e+00
     66.597  121.78128   25.20824    19.8601    34.1484    24.1521     5.7338  0.000e+00
     66.597  121.78128   25.20824    19.8691    34.1475    24.1491     5.7375  0.000e+00
     66.655  121.78128   25.20824    19.8806    34.1450    24.1442     5.7413  0.000e+00
     66.481  121.78128   25.20824    19.8932    34.1434    24.1396     5.7407  0.000e+00
     66.546  121.78128   25.20824    19.9071    34.1403    24.1337     5.7443  0.000e+00
     66.488  121.78128   25.20824    19.9116    34.1401    24.1323     5.7450  0.000e+00
     66.488  121.78128   25.20824    19.9184    34.1380    24.1289     5.7453  0.000e+00
     66.437  121.78128   25.20824    19.9250    34.1374    24.1267     5.7495  0.000e+00
     66.437  121.78128   25.20824    19.9290    34.1375    24.1258     5.7540  0.000e+00
     66.437  121.78128   25.20824    19.9320    34.1382    24.1255     5.7588  0.000e+00
     66.386  121.78128   25.20824    19.9357    34.1385    24.1248     5.7594  0.000e+00
