CTD/4-1.cnv
* Sea-Bird SBE 9 Data File:
* FileName = D:\ctddata\cr2381\4-1.hex
* Software Version Seasave V 7.20g
* Temperature SN = 6284
* Conductivity SN = 4751
* Number of Bytes Per Scan = 34
* Number of Voltage Words = 5
* Number of Scans Averaged by the Deck Unit = 1
* NMEA Latitude = 25 12.52 N
* NMEA Longitude = 121 46.89 E
* NMEA UTC (Time) = Oct 07 2019  02:53:49
** Ship: OR2
** Station: 4-1
** Operator: CR2381
# nquan = 8
# nvalues = 7337                                  
# units = specified
# name 0 = depSM: Depth [salt water, m]
# name 1 = longitude: Longitude [deg]
# name 2 = latitude: Latitude [deg]
# name 3 = t090C: Temperature [ITS-90, deg C]
# name 4 = sal00: Salinity, Practical [PSU]
# name 5 = sigma-é00: Density [sigma-theta, kg/m^3]
# name 6 = sbeox0Mg/L: Oxygen, SBE 43 [mg/l]
# name 7 = flag:  0.000e+00
# span 0 =      0.791,    101.623                 
# span 1 =  121.78102,  121.78158                 
# span 2 =   25.20804,   25.20866                 
# span 3 =    18.3470,    25.8520                 
# span 4 =    33.7481,    34.2900                 
# span 5 =    22.1400,    24.6466                 
# span 6 =     5.7322,     6.9113                 
# span 7 = 0.0000e+00, 0.0000e+00                 
# interval = seconds: 0.0416667
# start_time = Oct 07 2019 02:53:49 [NMEA time, header]
# bad_flag = -9.990e-29
*END*
      1.226  121.78158   25.20866    25.7952    33.7646    22.1650     6.7564  0.000e+00
      1.226  121.78158   25.20866    25.7950    33.7649    22.1653     6.7564  0.000e+00
      1.240  121.78158   25.20866    25.7957    33.7649    22.1651     6.7563  0.000e+00
      1.226  121.78158   25.20866    25.7957    33.7651    22.1652     6.7563  0.000e+00
      1.299  121.78158   25.20866    25.7961    33.7645    22.1647     6.7601  0.000e+00
      1.277  121.78158   25.20866    25.7957    33.7648    22.1650     6.7603  0.000e+00
      1.299  121.78158   25.20866    25.7959    33.7648    22.1650     6.7605  0.000e+00
      1.328  121.78158   25.20866    25.7959    33.7649    22.1651     6.7607  0.000e+00
      1.299  121.78158   25.20866    25.7954    33.7649    22.1652     6.7647  0.000e+00
      1.328  121.78158   25.20866    25.7948    33.7649    22.1654     6.7614  0.000e+00
      1.277  121.78158   25.20866    25.7945    33.7648    22.1654     6.7653  0.000e+00
      1.349  121.78158   25.20866    25.7945    33.7647    22.1654     6.7657  0.000e+00
      1.328  121.78158   25.20866    25.7939    33.7649    22.1656     6.7660  0.000e+00
      1.299  121.78158   25.20866    25.7934    33.7647    22.1657     6.7701  0.000e+00
      1.328  121.78158   25.20866    25.7930    33.7648    22.1659     6.7707  0.000e+00
      1.299  121.78158   25.20866    25.7937    33.7643    22.1653     6.7748  0.000e+00
      1.328  121.78158   25.20866    25.7950    33.7641    22.1647     6.7753  0.000e+00
      1.328  121.78158   25.20866    25.7950    33.7645    22.1650     6.7722  0.000e+00
      1.349  121.78158   25.20866    25.7941    33.7645    22.1653     6.7764  0.000e+00
      1.277  121.78158   25.20866    25.7930    33.7644    22.1656     6.7770  0.000e+00
      1.349  121.78158   25.20866    25.7925    33.7641    22.1655     6.7777  0.000e+00
      1.277  121.78158   25.20866    25.7919    33.7646    22.1660     6.7781  0.000e+00
      1.349  121.78158   25.20866    25.7914    33.7644    22.1660     6.7824  0.000e+00
      1.328  121.78158   25.20866    25.7914    33.7639    22.1656     6.7830  0.000e+00
      1.241  121.78158   25.20866    25.7909    33.7650    22.1666     6.7835  0.000e+00
      1.328  121.78158   25.20866    25.7907    33.7650    22.1668     6.7879  0.000e+00
      1.277  121.78158   25.20866    25.7905    33.7647    22.1665     6.7886  0.000e+00
      1.299  121.78158   25.20866    25.7905    33.7647    22.1666     6.7892  0.000e+00
      1.277  121.78158   25.20866    25.7905    33.7648    22.1667     6.7935  0.000e+00
      1.241  121.78158   25.20866    25.7902    33.7651    22.1670     6.7980  0.000e+00
      1.226  121.78158   25.20866    25.7905    33.7649    22.1667     6.7988  0.000e+00
      1.241  121.78158   25.20866    25.7904    33.7647    22.1666     6.7996  0.000e+00
      1.277  121.78158   25.20866    25.7905    33.7645    22.1664     6.8041  0.000e+00
      1.190  121.78158   25.20866    25.7907    33.7644    22.1663     6.8048  0.000e+00
      1.226  121.78158   25.20866    25.7907    33.7641    22.1660     6.8094  0.000e+00
      1.226  121.78158   25.20866    25.7905    33.7644    22.1664     6.8065  0.000e+00
      1.190  121.78158   25.20866    25.7905    33.7642    22.1662     6.8071  0.000e+00
      1.168  121.78158   25.20866    25.7905    33.7647    22.1665     6.8076  0.000e+00
      1.190  121.78158   25.20866    25.7909    33.7641    22.1660     6.8081  0.000e+00
      1.168  121.78158   25.20866    25.7907    33.7643    22.1662     6.8047  0.000e+00
      1.132  121.78158   25.20866    25.7908    33.7644    22.1662     6.8047  0.000e+00
      1.168  121.78158   25.20866    25.7907    33.7649    22.1666     6.8048  0.000e+00
      1.117  121.78158   25.20866    25.7911    33.7648    22.1664     6.8009  0.000e+00
      1.132  121.78158   25.20866    25.7914    33.7643    22.1659     6.8005  0.000e+00
      1.059  121.78158   25.20866    25.7911    33.7645    22.1662     6.8001  0.000e+00
      1.132  121.78158   25.20866    25.7912    33.7641    22.1658     6.7997  0.000e+00
      1.059  121.78158   25.20866    25.7911    33.7642    22.1660     6.7992  0.000e+00
      1.132  121.78158   25.20866    25.7909    33.7640    22.1659     6.7987  0.000e+00
      1.059  121.78158   25.20866    25.7909    33.7642    22.1661     6.7980  0.000e+00
      1.030  121.78158   25.20866    25.7914    33.7641    22.1658     6.8010  0.000e+00
      1.059  121.78158   25.20866    25.7918    33.7640    22.1656     6.8004  0.000e+00
      1.008  121.78158   25.20866    25.7919    33.7641    22.1656     6.7997  0.000e+00
      1.030  121.78158   25.20866    25.7927    33.7634    22.1649     6.7990  0.000e+00
      1.059  121.78158   25.20866    25.7930    33.7640    22.1652     6.7984  0.000e+00
      0.972  121.78158   25.20866    25.7936    33.7639    22.1650     6.7977  0.000e+00
      1.009  121.78158   25.20866    25.7930    33.7645    22.1656     6.7971  0.000e+00
      0.972  121.78158   25.20866    25.7934    33.7648    22.1657     6.7963  0.000e+00
      0.958  121.78158   25.20866    25.7947    33.7650    22.1655     6.7993  0.000e+00
      0.972  121.78158   25.20866    25.7970    33.7648    22.1646     6.7984  0.000e+00
      0.958  121.78158   25.20866    25.7995    33.7643    22.1634     6.8014  0.000e+00
      0.863  121.78158   25.20866    25.8008    33.7644    22.1631     6.8045  0.000e+00
      1.009  121.78158   25.20866    25.8018    33.7645    22.1629     6.8043  0.000e+00
      0.900  121.78158   25.20866    25.8025    33.7647    22.1628     6.8041  0.000e+00
      0.921  121.78158   25.20866    25.8029    33.7648    22.1628     6.8039  0.000e+00
      0.958  121.78158   25.20866    25.8033    33.7649    22.1627     6.8039  0.000e+00
      0.922  121.78158   25.20866    25.8034    33.7650    22.1628     6.8075  0.000e+00
      0.900  121.78158   25.20866    25.8031    33.7649    22.1628     6.8074  0.000e+00
      0.922  121.78158   25.20866    25.8013    33.7652    22.1636     6.8076  0.000e+00
      0.900  121.78158   25.20866    25.7995    33.7654    22.1643     6.8077  0.000e+00
      0.922  121.78158   25.20866    25.7981    33.7655    22.1648     6.8078  0.000e+00
      0.958  121.78158   25.20866    25.7959    33.7652    22.1653     6.8078  0.000e+00
      0.900  121.78158   25.20866    25.7945    33.7651    22.1656     6.8042  0.000e+00
      0.972  121.78158   25.20866    25.7936    33.7647    22.1656     6.8040  0.000e+00
      0.900  121.78158   25.20866    25.7928    33.7648    22.1659     6.8074  0.000e+00
      0.972  121.78158   25.20866    25.7921    33.7653    22.1665     6.8075  0.000e+00
      0.958  121.78158   25.20866    25.7921    33.7650    22.1663     6.8037  0.000e+00
      1.030  121.78158   25.20866    25.7928    33.7646    22.1658     6.7996  0.000e+00
      0.958  121.78158   25.20866    25.7936    33.7647    22.1656     6.8029  0.000e+00
      0.972  121.78158   25.20866    25.7930    33.7650    22.1660     6.8030  0.000e+00
      1.009  121.78158   25.20866    25.7923    33.7650    22.1662     6.8032  0.000e+00
      1.009  121.78158   25.20866    25.7918    33.7635    22.1652     6.8033  0.000e+00
      1.030  121.78158   25.20866    25.7916    33.7639    22.1656     6.7997  0.000e+00
      1.009  121.78158   25.20866    25.7914    33.7645    22.1661     6.8034  0.000e+00
      1.081  121.78158   25.20866    25.7912    33.7644    22.1661     6.8002  0.000e+00
      1.009  121.78158   25.20866    25.7902    33.7649    22.1668     6.8039  0.000e+00
      1.081  121.78158   25.20866    25.7896    33.7645    22.1666     6.8005  0.000e+00
      1.009  121.78158   25.20866    25.7887    33.7645    22.1669     6.8004  0.000e+00
      1.081  121.78158   25.20866    25.7879    33.7642    22.1670     6.8005  0.000e+00
      1.059  121.78158   25.20866    25.7882    33.7642    22.1669     6.8002  0.000e+00
      1.118  121.78158   25.20866    25.7880    33.7645    22.1672     6.7999  0.000e+00
      1.081  121.78158   25.20866    25.7884    33.7643    22.1669     6.7995  0.000e+00
      1.118  121.78158   25.20866    25.7880    33.7645    22.1672     6.7990  0.000e+00
      1.132  121.78158   25.20866    25.7876    33.7643    22.1671     6.7984  0.000e+00
      1.059  121.78158   25.20866    25.7876    33.7646    22.1673     6.7977  0.000e+00
      1.081  121.78158   25.20866    25.7882    33.7644    22.1670     6.7970  0.000e+00
      1.118  121.78158   25.20866    25.7878    33.7646    22.1673     6.7964  0.000e+00
      1.081  121.78158   25.20866    25.7878    33.7649    22.1675     6.7957  0.000e+00
      1.118  121.78158   25.20866    25.7878    33.7645    22.1672     6.7950  0.000e+00
      1.060  121.78158   25.20866    25.7874    33.7643    22.1672     6.7945  0.000e+00
      1.132  121.78158   25.20866    25.7878    33.7647    22.1674     6.7976  0.000e+00
      1.060  121.78158   25.20866    25.7891    33.7647    22.1670     6.7971  0.000e+00
      1.081  121.78158   25.20866    25.7907    33.7650    22.1667     6.7965  0.000e+00
      1.118  121.78158   25.20866    25.7918    33.7652    22.1665     6.7959  0.000e+00
      1.081  121.78158   25.20866    25.7923    33.7651    22.1663     6.7954  0.000e+00
      1.060  121.78158   25.20866    25.7934    33.7645    22.1655     6.7948  0.000e+00
      1.081  121.78158   25.20866    25.7936    33.7645    22.1654     6.7943  0.000e+00
      1.060  121.78158   25.20866    25.7934    33.7644    22.1654     6.7940  0.000e+00
      1.060  121.78158   25.20866    25.7932    33.7640    22.1652     6.7937  0.000e+00
      1.081  121.78158   25.20866    25.7927    33.7640    22.1653     6.7936  0.000e+00
      1.060  121.78158   25.20866    25.7918    33.7646    22.1661     6.7938  0.000e+00
      1.031  121.78158   25.20866    25.7914    33.7646    22.1662     6.7939  0.000e+00
      1.060  121.78158   25.20866    25.7909    33.7647    22.1664     6.7940  0.000e+00
      0.973  121.78158   25.20866    25.7906    33.7645    22.1664     6.7978  0.000e+00
      1.060  121.78158   25.20866    25.7907    33.7641    22.1661     6.7982  0.000e+00
      0.973  121.78158   25.20866    25.7907    33.7644    22.1662     6.7986  0.000e+00
      1.060  121.78158   25.20866    25.7909    33.7645    22.1663     6.7954  0.000e+00
      0.958  121.78158   25.20866    25.7909    33.7642    22.1660     6.7956  0.000e+00
      0.973  121.78158   25.20866    25.7907    33.7641    22.1660     6.7997  0.000e+00
      1.009  121.78158   25.20866    25.7902    33.7645    22.1665     6.8003  0.000e+00
      0.922  121.78158   25.20866    25.7898    33.7643    22.1665     6.8007  0.000e+00
      1.009  121.78158   25.20866    25.7893    33.7641    22.1665     6.8012  0.000e+00
      0.922  121.78158   25.20866    25.7891    33.7641    22.1665     6.8014  0.000e+00
      0.958  121.78158   25.20866    25.7889    33.7644    22.1668     6.8019  0.000e+00
      0.922  121.78158   25.20866    25.7889    33.7645    22.1669     6.8024  0.000e+00
      0.900  121.78158   25.20866    25.7893    33.7645    22.1667     6.8063  0.000e+00
      0.900  121.78158   25.20866    25.7894    33.7645    22.1667     6.8066  0.000e+00
      0.922  121.78158   25.20866    25.7898    33.7642    22.1663     6.8032  0.000e+00
      0.849  121.78158   25.20866    25.7896    33.7643    22.1665     6.8034  0.000e+00
      0.922  121.78158   25.20866    25.7900    33.7643    22.1664     6.7999  0.000e+00
      0.849  121.78158   25.20866    25.7900    33.7649    22.1668     6.8036  0.000e+00
      0.864  121.78158   25.20866    25.7900    33.7645    22.1666     6.7998  0.000e+00
      0.849  121.78158   25.20866    25.7896    33.7646    22.1668     6.7998  0.000e+00
      0.864  121.78158   25.20866    25.7896    33.7646    22.1668     6.8034  0.000e+00
      0.849  121.78158   25.20866    25.7893    33.7646    22.1669     6.7998  0.000e+00
      0.813  121.78158   25.20866    25.7891    33.7647    22.1670     6.7996  0.000e+00
      0.849  121.78158   25.20866    25.7894    33.7645    22.1667     6.7993  0.000e+00
      0.849  121.78158   25.20866    25.7897    33.7645    22.1666     6.7990  0.000e+00
      0.864  121.78158   25.20866    25.7898    33.7645    22.1666     6.8025  0.000e+00
      0.849  121.78158   25.20866    25.7904    33.7648    22.1667     6.8023  0.000e+00
      0.813  121.78158   25.20866    25.7914    33.7648    22.1663     6.8058  0.000e+00
      0.849  121.78158   25.20866    25.7916    33.7648    22.1663     6.8059  0.000e+00
      0.864  121.78158   25.20866    25.7918    33.7646    22.1661     6.8059  0.000e+00
      0.900  121.78158   25.20866    25.7916    33.7648    22.1662     6.8097  0.000e+00
      0.813  121.78158   25.20866    25.7921    33.7649    22.1661     6.8098  0.000e+00
      0.849  121.78158   25.20866    25.7927    33.7648    22.1659     6.8137  0.000e+00
      0.900  121.78158   25.20866    25.7932    33.7647    22.1657     6.8140  0.000e+00
      0.864  121.78158   25.20866    25.7936    33.7648    22.1656     6.8142  0.000e+00
      0.849  121.78158   25.20866    25.7936    33.7644    22.1654     6.8144  0.000e+00
      0.864  121.78158   25.20866    25.7934    33.7649    22.1658     6.8149  0.000e+00
      0.900  121.78158   25.20866    25.7937    33.7650    22.1658     6.8152  0.000e+00
      0.922  121.78158   25.20866    25.7937    33.7648    22.1656     6.8156  0.000e+00
      0.791  121.78158   25.20866    25.7937    33.7648    22.1656     6.8196  0.000e+00
      0.973  121.78158   25.20866    25.7936    33.7648    22.1657     6.8165  0.000e+00
      0.958  121.78158   25.20866    25.7937    33.7645    22.1654     6.8167  0.000e+00
      0.922  121.78158   25.20866    25.7937    33.7646    22.1655     6.8169  0.000e+00
      0.900  121.78158   25.20866    25.7936    33.7651    22.1659     6.8170  0.000e+00
      0.900  121.78158   25.20866    25.7939    33.7650    22.1657     6.8171  0.000e+00
      0.922  121.78158   25.20866    25.7937    33.7651    22.1658     6.8172  0.000e+00
      0.900  121.78158   25.20866    25.7937    33.7651    22.1658     6.8173  0.000e+00
      0.973  121.78158   25.20866    25.7941    33.7650    22.1656     6.8173  0.000e+00
      0.958  121.78158   25.20866    25.7943    33.7652    22.1657     6.8173  0.000e+00
      0.922  121.78158   25.20866    25.7943    33.7653    22.1658     6.8137  0.000e+00
      0.958  121.78158   25.20866    25.7947    33.7645    22.1651     6.8174  0.000e+00
      0.973  121.78158   25.20866    25.7945    33.7647    22.1653     6.8138  0.000e+00
      0.958  121.78158   25.20866    25.7948    33.7648    22.1653     6.8134  0.000e+00
      0.958  121.78158   25.20866    25.7948    33.7649    22.1654     6.8131  0.000e+00
      0.973  121.78158   25.20866    25.7950    33.7647    22.1652     6.8129  0.000e+00
      0.958  121.78158   25.20866    25.7950    33.7648    22.1652     6.8127  0.000e+00
      0.973  121.78158   25.20866    25.7950    33.7647    22.1652     6.8088  0.000e+00
      0.958  121.78158   25.20866    25.7948    33.7649    22.1654     6.8084  0.000e+00
      0.973  121.78158   25.20866    25.7950    33.7652    22.1655     6.8080  0.000e+00
      0.958  121.78158   25.20866    25.7952    33.7650    22.1653     6.8076  0.000e+00
      0.973  121.78158   25.20866    25.7956    33.7649    22.1651     6.8071  0.000e+00
      0.958  121.78158   25.20866    25.7961    33.7653    22.1653     6.8030  0.000e+00
      0.958  121.78158   25.20866    25.7964    33.7652    22.1651     6.8026  0.000e+00
      0.973  121.78158   25.20866    25.7968    33.7650    22.1648     6.8019  0.000e+00
      0.958  121.78158   25.20866    25.7966    33.7651    22.1650     6.7976  0.000e+00
      0.973  121.78158   25.20866    25.7964    33.7650    22.1649     6.7966  0.000e+00
      0.958  121.78158   25.20866    25.7959    33.7651    22.1652     6.7995  0.000e+00
