CTD/4-1.cnv
* Sea-Bird SBE 9 Data File:
* FileName = D:\ctddata\cr2381\4-1.hex
* Software Version Seasave V 7.20g
* Temperature SN = 6284
* Conductivity SN = 4751
* Number of Bytes Per Scan = 34
* Number of Voltage Words = 5
* Number of Scans Averaged by the Deck Unit = 1
* NMEA Latitude = 25 12.52 N
* NMEA Longitude = 121 46.89 E
* NMEA UTC (Time) = Oct 07 2019  02:53:49
** Ship: OR2
** Station: 4-1
** Operator: CR2381
# nquan = 8
# nvalues = 7337                                  
# units = specified
# name 0 = depSM: Depth [salt water, m]
# name 1 = longitude: Longitude [deg]
# name 2 = latitude: Latitude [deg]
# name 3 = t090C: Temperature [ITS-90, deg C]
# name 4 = sal00: Salinity, Practical [PSU]
# name 5 = sigma-é00: Density [sigma-theta, kg/m^3]
# name 6 = sbeox0Mg/L: Oxygen, SBE 43 [mg/l]
# name 7 = flag:  0.000e+00
# span 0 =      0.791,    101.623                 
# span 1 =  121.78102,  121.78158                 
# span 2 =   25.20804,   25.20866                 
# span 3 =    18.3470,    25.8520                 
# span 4 =    33.7481,    34.2900                 
# span 5 =    22.1400,    24.6466                 
# span 6 =     5.7322,     6.9113                 
# span 7 = 0.0000e+00, 0.0000e+00                 
# interval = seconds: 0.0416667
# start_time = Oct 07 2019 02:53:49 [NMEA time, header]
# bad_flag = -9.990e-29
*END*
[from data line 2338]
     68.891  121.78146   25.20844    18.7853    34.2632    24.5155     5.8005  0.000e+00
     68.942  121.78146   25.20844    18.7803    34.2644    24.5176     5.8013  0.000e+00
     69.000  121.78146   25.20844    18.7783    34.2653    24.5189     5.8015  0.000e+00
     69.000  121.78146   25.20844    18.7762    34.2649    24.5191     5.7975  0.000e+00
     69.109  121.78146   25.20844    18.7719    34.2650    24.5203     5.7979  0.000e+00
     69.109  121.78146   25.20844    18.7667    34.2657    24.5221     5.7986  0.000e+00
     69.160  121.78146   25.20844    18.7630    34.2667    24.5238     5.8035  0.000e+00
     69.160  121.78146   25.20844    18.7616    34.2671    24.5245     5.8044  0.000e+00
     69.160  121.78146   25.20844    18.7612    34.2671    24.5246     5.8048  0.000e+00
     69.255  121.78146   25.20844    18.7609    34.2674    24.5248     5.8055  0.000e+00
     69.378  121.78146   25.20844    18.7611    34.2669    24.5245     5.8063  0.000e+00
     69.320  121.78146   25.20844    18.7607    34.2679    24.5253     5.8070  0.000e+00
     69.320  121.78146   25.20844    18.7645    34.2670    24.5237     5.8119  0.000e+00
     69.378  121.78146   25.20844    18.7655    34.2667    24.5232     5.8088  0.000e+00
     69.429  121.78146   25.20844    18.7642    34.2663    24.5232     5.8097  0.000e+00
     69.487  121.78146   25.20844    18.7638    34.2661    24.5232     5.8107  0.000e+00
     69.487  121.78146   25.20844    18.7642    34.2664    24.5233     5.8116  0.000e+00
     69.538  121.78146   25.20844    18.7645    34.2659    24.5229     5.8079  0.000e+00
     69.589  121.78146   25.20844    18.7645    34.2660    24.5229     5.8128  0.000e+00
     69.589  121.78146   25.20844    18.7657    34.2661    24.5227     5.8092  0.000e+00
     69.683  121.78146   25.20844    18.7666    34.2655    24.5220     5.8095  0.000e+00
     69.647  121.78146   25.20844    18.7666    34.2644    24.5212     5.8102  0.000e+00
     69.698  121.78146   25.20844    18.7628    34.2648    24.5224     5.8111  0.000e+00
     69.756  121.78146   25.20844    18.7593    34.2649    24.5234     5.8121  0.000e+00
     69.756  121.78146   25.20844    18.7573    34.2652    24.5241     5.8129  0.000e+00
     69.865  121.78146   25.20844    18.7552    34.2661    24.5254     5.8139  0.000e+00
     69.807  121.78146   25.20844    18.7543    34.2658    24.5253     5.8101  0.000e+00
     69.865  121.78146   25.20844    18.7525    34.2663    24.5262     5.8149  0.000e+00
     69.916  121.78146   25.20844    18.7531    34.2674    24.5268     5.8114  0.000e+00
     69.966  121.78146   25.20844    18.7588    34.2674    24.5254     5.8116  0.000e+00
     69.901  121.78146   25.20844    18.7638    34.2667    24.5236     5.8115  0.000e+00
     69.966  121.78146   25.20844    18.7667    34.2654    24.5219     5.8071  0.000e+00
     70.025  121.78146   25.20844    18.7685    34.2650    24.5212     5.8069  0.000e+00
     70.075  121.78146   25.20844    18.7690    34.2645    24.5207     5.8070  0.000e+00
     70.075  121.78146   25.20844    18.7693    34.2643    24.5204     5.8071  0.000e+00
     70.134  121.78146   25.20844    18.7695    34.2639    24.5201     5.8070  0.000e+00
     70.134  121.78146   25.20844    18.7695    34.2643    24.5204     5.8069  0.000e+00
     70.134  121.78146   25.20844    18.7697    34.2638    24.5199     5.8069  0.000e+00
     70.235  121.78146   25.20844    18.7697    34.2640    24.5201     5.8070  0.000e+00
     70.235  121.78146   25.20844    18.7693    34.2643    24.5204     5.8072  0.000e+00
     70.170  121.78146   25.20844    18.7693    34.2640    24.5202     5.8030  0.000e+00
     70.344  121.78146   25.20844    18.7697    34.2636    24.5198     5.8027  0.000e+00
     70.344  121.78146   25.20844    18.7700    34.2630    24.5193     5.8023  0.000e+00
     70.293  121.78146   25.20844    18.7693    34.2636    24.5199     5.8021  0.000e+00
     70.293  121.78146   25.20844    18.7692    34.2633    24.5197     5.7976  0.000e+00
     70.402  121.78146   25.20844    18.7687    34.2634    24.5199     5.7973  0.000e+00
     70.402  121.78146   25.20844    18.7685    34.2638    24.5203     5.7969  0.000e+00
     70.504  121.78146   25.20844    18.7678    34.2639    24.5205     5.7968  0.000e+00
     70.453  121.78146   25.20844    18.7671    34.2632    24.5202     5.7964  0.000e+00
     70.439  121.78146   25.20844    18.7654    34.2636    24.5209     5.7961  0.000e+00
     70.402  121.78146   25.20844    18.7628    34.2642    24.5220     5.7959  0.000e+00
     70.562  121.78146   25.20844    18.7611    34.2641    24.5224     5.7959  0.000e+00
     70.613  121.78146   25.20844    18.7600    34.2642    24.5227     5.7954  0.000e+00
     70.562  121.78146   25.20844    18.7587    34.2647    24.5234     5.7950  0.000e+00
     70.504  121.78146   25.20844    18.7588    34.2650    24.5236     5.7944  0.000e+00
     70.562  121.78146   25.20844    18.7602    34.2652    24.5234     5.7942  0.000e+00
     70.613  121.78146   25.20844    18.7621    34.2653    24.5230     5.7940  0.000e+00
     70.671  121.78146   25.20844    18.7633    34.2643    24.5220     5.7940  0.000e+00
     70.657  121.78146   25.20844    18.7626    34.2638    24.5217     5.7942  0.000e+00
     70.671  121.78146   25.20844    18.7609    34.2640    24.5224     5.7946  0.000e+00
     70.671  121.78146   25.20844    18.7590    34.2640    24.5228     5.7951  0.000e+00
     70.671  121.78146   25.20844    18.7576    34.2632    24.5225     5.7960  0.000e+00
     70.722  121.78146   25.20844    18.7558    34.2628    24.5227     5.7966  0.000e+00
     70.722  121.78146   25.20844    18.7540    34.2640    24.5241     5.7973  0.000e+00
     70.780  121.78146   25.20844    18.7551    34.2646    24.5243     5.7977  0.000e+00
     70.780  121.78146   25.20844    18.7561    34.2648    24.5242     5.7983  0.000e+00
     70.758  121.78146   25.20844    18.7569    34.2645    24.5237     5.7985  0.000e+00
     70.831  121.78146   25.20844    18.7573    34.2643    24.5234     5.8037  0.000e+00
     70.831  121.78146   25.20844    18.7580    34.2640    24.5231     5.8000  0.000e+00
     70.882  121.78146   25.20844    18.7588    34.2635    24.5225     5.8049  0.000e+00
     70.831  121.78146   25.20844    18.7602    34.2635    24.5221     5.8012  0.000e+00
     70.831  121.78146   25.20844    18.7607    34.2636    24.5221     5.8018  0.000e+00
     70.882  121.78146   25.20844    18.7609    34.2635    24.5220     5.8025  0.000e+00
     70.940  121.78146   25.20844    18.7600    34.2635    24.5222     5.8077  0.000e+00
     70.882  121.78146   25.20844    18.7588    34.2633    24.5223     5.8089  0.000e+00
     70.926  121.78146   25.20844    18.7575    34.2638    24.5231     5.8099  0.000e+00
     70.940  121.78146   25.20844    18.7576    34.2641    24.5232     5.8110  0.000e+00
     70.991  121.78146   25.20844    18.7586    34.2641    24.5230     5.8074  0.000e+00
     70.940  121.78146   25.20844    18.7593    34.2639    24.5226     5.8079  0.000e+00
     70.991  121.78146   25.20844    18.7604    34.2629    24.5217     5.8085  0.000e+00
     71.049  121.78146   25.20844    18.7609    34.2630    24.5216     5.8088  0.000e+00
     70.991  121.78146   25.20844    18.7597    34.2637    24.5224     5.8092  0.000e+00
     71.049  121.78146   25.20844    18.7600    34.2629    24.5217     5.8096  0.000e+00
     71.027  121.78146   25.20844    18.7593    34.2635    24.5224     5.8100  0.000e+00
     71.049  121.78146   25.20844    18.7593    34.2642    24.5229     5.8104  0.000e+00
     71.100  121.78146   25.20844    18.7609    34.2636    24.5221     5.8107  0.000e+00
     71.100  121.78146   25.20844    18.7621    34.2630    24.5213     5.8111  0.000e+00
     71.100  121.78146   25.20844    18.7626    34.2627    24.5209     5.8116  0.000e+00
     71.100  121.78146   25.20844    18.7626    34.2627    24.5209     5.8121  0.000e+00
     71.151  121.78146   25.20844    18.7629    34.2624    24.5206     5.8123  0.000e+00
     71.100  121.78146   25.20844    18.7631    34.2622    24.5204     5.8125  0.000e+00
     71.195  121.78146   25.20844    18.7628    34.2620    24.5203     5.8128  0.000e+00
     71.209  121.78146   25.20844    18.7618    34.2623    24.5208     5.8132  0.000e+00
     71.151  121.78146   25.20844    18.7611    34.2622    24.5209     5.8175  0.000e+00
     71.209  121.78146   25.20844    18.7592    34.2618    24.5211     5.8180  0.000e+00
     71.209  121.78146   25.20844    18.7566    34.2622    24.5221     5.8185  0.000e+00
     71.260  121.78146   25.20844    18.7563    34.2627    24.5225     5.8144  0.000e+00
     71.260  121.78146   25.20844    18.7571    34.2626    24.5223     5.8142  0.000e+00
     71.260  121.78146   25.20844    18.7578    34.2628    24.5222     5.8140  0.000e+00
     71.246  121.78146   25.20844    18.7576    34.2629    24.5223     5.8183  0.000e+00
     71.318  121.78146   25.20844    18.7564    34.2631    24.5228     5.8186  0.000e+00
     71.318  121.78146   25.20844    18.7552    34.2633    24.5233     5.8189  0.000e+00
     71.427  121.78146   25.20844    18.7552    34.2629    24.5230     5.8148  0.000e+00
     71.369  121.78146   25.20844    18.7545    34.2627    24.5229     5.8147  0.000e+00
     71.369  121.78146   25.20844    18.7531    34.2620    24.5228     5.8147  0.000e+00
     71.369  121.78144   25.20844    18.7526    34.2625    24.5233     5.8189  0.000e+00
     71.405  121.78144   25.20844    18.7520    34.2630    24.5238     5.8192  0.000e+00
     71.478  121.78144   25.20844    18.7519    34.2627    24.5236     5.8194  0.000e+00
     71.478  121.78144   25.20844    18.7514    34.2630    24.5240     5.8152  0.000e+00
     71.529  121.78144   25.20844    18.7525    34.2633    24.5239     5.8149  0.000e+00
     71.478  121.78144   25.20844    18.7547    34.2633    24.5234     5.8144  0.000e+00
     71.529  121.78144   25.20844    18.7561    34.2631    24.5229     5.8097  0.000e+00
     71.638  121.78144   25.20844    18.7569    34.2628    24.5224     5.8135  0.000e+00
     71.587  121.78144   25.20844    18.7575    34.2626    24.5221     5.8133  0.000e+00
     71.674  121.78144   25.20844    18.7575    34.2622    24.5219     5.8088  0.000e+00
     71.638  121.78144   25.20844    18.7576    34.2621    24.5218     5.8082  0.000e+00
     71.696  121.78144   25.20844    18.7574    34.2620    24.5217     5.8081  0.000e+00
     71.696  121.78144   25.20844    18.7561    34.2625    24.5224     5.8078  0.000e+00
     71.747  121.78144   25.20844    18.7559    34.2622    24.5223     5.8077  0.000e+00
     71.798  121.78144   25.20844    18.7551    34.2623    24.5226     5.8074  0.000e+00
     71.856  121.78144   25.20844    18.7537    34.2619    24.5226     5.8072  0.000e+00
     71.841  121.78144   25.20844    18.7511    34.2630    24.5241     5.8070  0.000e+00
     71.856  121.78144   25.20844    18.7503    34.2627    24.5240     5.8071  0.000e+00
     71.907  121.78144   25.20844    18.7484    34.2623    24.5243     5.8074  0.000e+00
     71.965  121.78144   25.20844    18.7459    34.2632    24.5255     5.8076  0.000e+00
     71.965  121.78144   25.20844    18.7451    34.2631    24.5257     5.8078  0.000e+00
     72.074  121.78144   25.20844    18.7458    34.2632    24.5256     5.8031  0.000e+00
     72.016  121.78144   25.20844    18.7459    34.2625    24.5250     5.8025  0.000e+00
     72.110  121.78144   25.20844    18.7415    34.2629    24.5264     5.8025  0.000e+00
     72.125  121.78144   25.20842    18.7377    34.2634    24.5277     5.8024  0.000e+00
     72.176  121.78144   25.20842    18.7353    34.2640    24.5288     5.7978  0.000e+00
     72.234  121.78144   25.20842    18.7346    34.2643    24.5292     5.8014  0.000e+00
     72.176  121.78144   25.20842    18.7341    34.2645    24.5295     5.8010  0.000e+00
     72.343  121.78144   25.20842    18.7339    34.2645    24.5296     5.8007  0.000e+00
     72.321  121.78144   25.20842    18.7324    34.2648    24.5302     5.8005  0.000e+00
     72.343  121.78144   25.20842    18.7322    34.2651    24.5305     5.8002  0.000e+00
     72.444  121.78144   25.20842    18.7317    34.2647    24.5303     5.8000  0.000e+00
     72.444  121.78144   25.20842    18.7298    34.2655    24.5314     5.7999  0.000e+00
     72.502  121.78144   25.20842    18.7282    34.2651    24.5315     5.7998  0.000e+00
     72.502  121.78144   25.20842    18.7263    34.2652    24.5320     5.7954  0.000e+00
     72.611  121.78144   25.20842    18.7260    34.2656    24.5324     5.7994  0.000e+00
     72.590  121.78144   25.20842    18.7275    34.2650    24.5316     5.7947  0.000e+00
     72.720  121.78144   25.20842    18.7280    34.2644    24.5310     5.7990  0.000e+00
     72.720  121.78144   25.20842    18.7224    34.2659    24.5335     5.7998  0.000e+00
     72.720  121.78144   25.20842    18.7196    34.2676    24.5356     5.8004  0.000e+00
     72.822  121.78144   25.20842    18.7241    34.2667    24.5337     5.8000  0.000e+00
     72.822  121.78144   25.20842    18.7224    34.2629    24.5313     5.8047  0.000e+00
     72.858  121.78144   25.20842    18.6978    34.2631    24.5376     5.8034  0.000e+00
     72.931  121.78144   25.20842    18.6702    34.2658    24.5466     5.8068  0.000e+00
     73.040  121.78144   25.20842    18.6509    34.2698    24.5546     5.8093  0.000e+00
     72.989  121.78144   25.20842    18.6467    34.2738    24.5586     5.8101  0.000e+00
     73.040  121.78144   25.20842    18.6529    34.2753    24.5582     5.8096  0.000e+00
     73.091  121.78144   25.20842    18.6559    34.2734    24.5560     5.8096  0.000e+00
     73.185  121.78144   25.20842    18.6488    34.2737    24.5580     5.8107  0.000e+00
     73.200  121.78144   25.20842    18.6426    34.2737    24.5596     5.8120  0.000e+00
     73.258  121.78144   25.20842    18.6391    34.2744    24.5610     5.8131  0.000e+00
     73.309  121.78144   25.20842    18.6414    34.2748    24.5607     5.8136  0.000e+00
     73.309  121.78144   25.20842    18.6445    34.2751    24.5602     5.8137  0.000e+00
     73.360  121.78144   25.20842    18.6481    34.2738    24.5583     5.8138  0.000e+00
     73.454  121.78144   25.20842    18.6477    34.2724    24.5573     5.8144  0.000e+00
     73.469  121.78144   25.20842    18.6400    34.2729    24.5596     5.8154  0.000e+00
     73.578  121.78144   25.20842    18.6319    34.2735    24.5621     5.8169  0.000e+00
     73.578  121.78144   25.20842    18.6276    34.2751    24.5644     5.8134  0.000e+00
     73.636  121.78144   25.20842    18.6254    34.2763    24.5659     5.8179  0.000e+00
     73.672  121.78144   25.20842    18.6276    34.2765    24.5655     5.8180  0.000e+00
     73.687  121.78144   25.20842    18.6304    34.2762    24.5646     5.8179  0.000e+00
     73.846  121.78144   25.20842    18.6374    34.2750    24.5619     5.8176  0.000e+00
     73.846  121.78144   25.20842    18.6464    34.2737    24.5587     5.8169  0.000e+00
     73.846  121.78144   25.20842    18.6520    34.2726    24.5564     5.8166  0.000e+00
     74.006  121.78144   25.20842    18.6552    34.2717    24.5549     5.8167  0.000e+00
     73.992  121.78144   25.20842    18.6559    34.2708    24.5541     5.8214  0.000e+00
     74.006  121.78144   25.20842    18.6535    34.2698    24.5539     5.8180  0.000e+00
     74.115  121.78144   25.20842    18.6428    34.2707    24.5573     5.8196  0.000e+00
     74.173  121.78144   25.20842    18.6312    34.2722    24.5614     5.8212  0.000e+00
     74.173  121.78144   25.20842    18.6224    34.2738    24.5648     5.8224  0.000e+00
     74.260  121.78144   25.20842    18.6164    34.2752    24.5674     5.8232  0.000e+00
     74.333  121.78144   25.20842    18.6178    34.2771    24.5685     5.8230  0.000e+00
     74.384  121.78144   25.20842    18.6245    34.2755    24.5655     5.8180  0.000e+00
