CTD/4-1.cnv
* Sea-Bird SBE 9 Data File:
* FileName = D:\ctddata\cr2381\4-1.hex
* Software Version Seasave V 7.20g
* Temperature SN = 6284
* Conductivity SN = 4751
* Number of Bytes Per Scan = 34
* Number of Voltage Words = 5
* Number of Scans Averaged by the Deck Unit = 1
* NMEA Latitude = 25 12.52 N
* NMEA Longitude = 121 46.89 E
* NMEA UTC (Time) = Oct 07 2019  02:53:49
** Ship: OR2
** Station: 4-1
** Operator: CR2381
# nquan = 8
# nvalues = 7337                                  
# units = specified
# name 0 = depSM: Depth [salt water, m]
# name 1 = longitude: Longitude [deg]
# name 2 = latitude: Latitude [deg]
# name 3 = t090C: Temperature [ITS-90, deg C]
# name 4 = sal00: Salinity, Practical [PSU]
# name 5 = sigma-é00: Density [sigma-theta, kg/m^3]
# name 6 = sbeox0Mg/L: Oxygen, SBE 43 [mg/l]
# name 7 = flag:  0.000e+00
# span 0 =      0.791,    101.623                 
# span 1 =  121.78102,  121.78158                 
# span 2 =   25.20804,   25.20866                 
# span 3 =    18.3470,    25.8520                 
# span 4 =    33.7481,    34.2900                 
# span 5 =    22.1400,    24.6466                 
# span 6 =     5.7322,     6.9113                 
# span 7 = 0.0000e+00, 0.0000e+00                 
# interval = seconds: 0.0416667
# start_time = Oct 07 2019 02:53:49 [NMEA time, header]
# bad_flag = -9.990e-29
*END*
[from data line 7192]
      5.255  121.78104   25.20804    25.7787    33.7532    22.1618     6.8710  0.000e+00
      5.277  121.78104   25.20804    25.7767    33.7538    22.1629     6.8709  0.000e+00
      5.255  121.78104   25.20804    25.7751    33.7543    22.1638     6.8709  0.000e+00
      5.255  121.78104   25.20804    25.7737    33.7550    22.1647     6.8708  0.000e+00
      5.226  121.78104   25.20804    25.7745    33.7560    22.1652     6.8703  0.000e+00
      5.204  121.78104   25.20804    25.7781    33.7571    22.1649     6.8693  0.000e+00
      5.204  121.78104   25.20804    25.7850    33.7574    22.1631     6.8682  0.000e+00
      5.226  121.78104   25.20804    25.7891    33.7570    22.1614     6.8671  0.000e+00
      5.255  121.78104   25.20804    25.7904    33.7560    22.1603     6.8667  0.000e+00
      5.153  121.78104   25.20804    25.7887    33.7559    22.1607     6.8704  0.000e+00
      5.226  121.78104   25.20804    25.7869    33.7542    22.1600     6.8707  0.000e+00
      5.204  121.78104   25.20804    25.7819    33.7537    22.1612     6.8712  0.000e+00
      5.204  121.78104   25.20804    25.7817    33.7560    22.1630     6.8708  0.000e+00
      5.175  121.78104   25.20804    25.7871    33.7570    22.1621     6.8700  0.000e+00
      5.153  121.78104   25.20804    25.7911    33.7570    22.1609     6.8692  0.000e+00
      5.204  121.78104   25.20804    25.7936    33.7562    22.1595     6.8692  0.000e+00
      5.117  121.78104   25.20804    25.7941    33.7560    22.1591     6.8690  0.000e+00
      5.153  121.78104   25.20804    25.7941    33.7557    22.1589     6.8649  0.000e+00
      5.175  121.78104   25.20804    25.7945    33.7555    22.1587     6.8647  0.000e+00
      5.153  121.78104   25.20804    25.7941    33.7557    22.1589     6.8643  0.000e+00
      5.095  121.78104   25.20804    25.7943    33.7558    22.1589     6.8602  0.000e+00
      5.175  121.78104   25.20804    25.7943    33.7556    22.1588     6.8598  0.000e+00
      5.095  121.78104   25.20804    25.7941    33.7559    22.1590     6.8593  0.000e+00
      5.095  121.78104   25.20804    25.7939    33.7561    22.1593     6.8588  0.000e+00
      5.117  121.78104   25.20804    25.7948    33.7564    22.1592     6.8620  0.000e+00
      5.045  121.78104   25.20804    25.7954    33.7563    22.1590     6.8613  0.000e+00
      5.095  121.78104   25.20804    25.7957    33.7562    22.1588     6.8572  0.000e+00
      5.066  121.78104   25.20804    25.7963    33.7564    22.1588     6.8602  0.000e+00
      4.987  121.78104   25.20804    25.7966    33.7566    22.1588     6.8560  0.000e+00
      5.045  121.78104   25.20804    25.7970    33.7564    22.1586     6.8553  0.000e+00
      5.008  121.78104   25.20804    25.7973    33.7561    22.1582     6.8546  0.000e+00
      4.987  121.78104   25.20804    25.7973    33.7564    22.1584     6.8541  0.000e+00
      5.008  121.78104   25.20804    25.7977    33.7559    22.1580     6.8574  0.000e+00
      4.936  121.78104   25.20804    25.7976    33.7564    22.1583     6.8571  0.000e+00
      4.987  121.78104   25.20804    25.7977    33.7565    22.1584     6.8568  0.000e+00
      4.907  121.78104   25.20804    25.7977    33.7565    22.1584     6.8602  0.000e+00
      4.885  121.78104   25.20804    25.7973    33.7561    22.1582     6.8601  0.000e+00
      4.885  121.78104   25.20804    25.7963    33.7568    22.1591     6.8601  0.000e+00
      4.907  121.78104   25.20804    25.7961    33.7568    22.1591     6.8601  0.000e+00
      4.827  121.78104   25.20804    25.7963    33.7567    22.1590     6.8599  0.000e+00
      4.827  121.78104   25.20804    25.7963    33.7562    22.1586     6.8636  0.000e+00
      4.798  121.78104   25.20804    25.7956    33.7558    22.1585     6.8639  0.000e+00
      4.776  121.78104   25.20804    25.7943    33.7561    22.1592     6.8642  0.000e+00
      4.689  121.78104   25.20804    25.7948    33.7562    22.1591     6.8642  0.000e+00
      4.776  121.78104   25.20804    25.7950    33.7565    22.1593     6.8645  0.000e+00
      4.718  121.78104   25.20804    25.7948    33.7563    22.1592     6.8686  0.000e+00
      4.689  121.78104   25.20804    25.7945    33.7565    22.1593     6.8691  0.000e+00
      4.667  121.78104   25.20804    25.7943    33.7563    22.1593     6.8731  0.000e+00
      4.617  121.78104   25.20804    25.7945    33.7568    22.1596     6.8736  0.000e+00
      4.580  121.78104   25.20804    25.7950    33.7569    22.1595     6.8741  0.000e+00
      4.559  121.78104   25.20804    25.7956    33.7566    22.1591     6.8746  0.000e+00
      4.559  121.78104   25.20804    25.7957    33.7570    22.1593     6.8751  0.000e+00
      4.530  121.78104   25.20804    25.7973    33.7578    22.1595     6.8791  0.000e+00
      4.450  121.78104   25.20804    25.8014    33.7583    22.1586     6.8829  0.000e+00
      4.472  121.78104   25.20804    25.8059    33.7597    22.1582     6.8832  0.000e+00
      4.450  121.78104   25.20804    25.8153    33.7652    22.1595     6.8826  0.000e+00
      4.348  121.78104   25.20804    25.8356    33.7658    22.1536     6.8808  0.000e+00
      4.421  121.78104   25.20804    25.8480    33.7612    22.1464     6.8840  0.000e+00
      4.348  121.78104   25.20804    25.8520    33.7578    22.1426     6.8846  0.000e+00
      4.290  121.78104   25.20804    25.8500    33.7544    22.1406     6.8859  0.000e+00
      4.312  121.78104   25.20804    25.8447    33.7514    22.1400     6.8875  0.000e+00
      4.239  121.78104   25.20804    25.8374    33.7513    22.1422     6.8892  0.000e+00
      4.203  121.78104   25.20804    25.8313    33.7522    22.1447     6.8944  0.000e+00
      4.239  121.78104   25.20804    25.8264    33.7541    22.1477     6.8959  0.000e+00
      4.181  121.78104   25.20804    25.8252    33.7540    22.1480     6.8969  0.000e+00
      4.094  121.78104   25.20804    25.8218    33.7542    22.1491     6.8981  0.000e+00
      4.131  121.78104   25.20804    25.8190    33.7531    22.1492     6.9028  0.000e+00
      4.080  121.78104   25.20804    25.8149    33.7535    22.1507     6.9002  0.000e+00
      4.043  121.78104   25.20804    25.8115    33.7535    22.1518     6.9047  0.000e+00
      4.022  121.78104   25.20804    25.8078    33.7542    22.1535     6.9054  0.000e+00
      3.993  121.78104   25.20804    25.8049    33.7547    22.1548     6.9059  0.000e+00
      3.971  121.78104   25.20804    25.8027    33.7555    22.1560     6.9100  0.000e+00
      3.913  121.78104   25.20804    25.8013    33.7559    22.1568     6.9104  0.000e+00
      3.935  121.78104   25.20804    25.8002    33.7563    22.1574     6.9109  0.000e+00
      3.862  121.78104   25.20804    25.7991    33.7561    22.1576     6.9113  0.000e+00
      3.862  121.78104   25.20804    25.7990    33.7564    22.1578     6.9113  0.000e+00
      3.826  121.78104   25.20804    25.7988    33.7569    22.1583     6.9076  0.000e+00
      3.811  121.78104   25.20804    25.7991    33.7567    22.1581     6.9072  0.000e+00
      3.775  121.78104   25.20804    25.7993    33.7568    22.1581     6.9067  0.000e+00
      3.753  121.78104   25.20804    25.7999    33.7574    22.1584     6.9060  0.000e+00
      3.753  121.78104   25.20804    25.8006    33.7575    22.1582     6.9052  0.000e+00
      3.666  121.78104   25.20804    25.8013    33.7573    22.1578     6.9046  0.000e+00
      3.703  121.78104   25.20804    25.8034    33.7584    22.1580     6.9037  0.000e+00
      3.666  121.78104   25.20804    25.8076    33.7588    22.1570     6.9025  0.000e+00
      3.594  121.78104   25.20804    25.8090    33.7582    22.1561     6.9017  0.000e+00
      3.594  121.78104   25.20804    25.8110    33.7592    22.1562     6.9008  0.000e+00
      3.615  121.78104   25.20804    25.8165    33.7602    22.1553     6.9032  0.000e+00
      3.536  121.78104   25.20804    25.8227    33.7604    22.1536     6.8981  0.000e+00
      3.594  121.78104   25.20804    25.8267    33.7607    22.1525     6.9006  0.000e+00
      3.456  121.78104   25.20804    25.8332    33.7592    22.1493     6.8993  0.000e+00
      3.536  121.78104   25.20804    25.8361    33.7591    22.1484     6.8985  0.000e+00
      3.398  121.78104   25.20804    25.8377    33.7583    22.1473     6.8976  0.000e+00
      3.485  121.78104   25.20804    25.8372    33.7575    22.1468     6.8971  0.000e+00
      3.434  121.78104   25.20804    25.8363    33.7585    22.1479     6.8963  0.000e+00
      3.398  121.78104   25.20804    25.8389    33.7579    22.1466     6.8954  0.000e+00
      3.376  121.78104   25.20804    25.8387    33.7573    22.1463     6.8985  0.000e+00
      3.347  121.78104   25.20804    25.8370    33.7570    22.1465     6.8984  0.000e+00
      3.376  121.78104   25.20804    25.8367    33.7569    22.1466     6.8981  0.000e+00
      3.267  121.78104   25.20804    25.8365    33.7571    22.1467     6.8976  0.000e+00
      3.347  121.78104   25.20804    25.8361    33.7571    22.1468     6.8972  0.000e+00
      3.267  121.78104   25.20804    25.8356    33.7571    22.1471     6.8966  0.000e+00
      3.238  121.78104   25.20804    25.8362    33.7569    22.1467     6.8924  0.000e+00
      3.267  121.78104   25.20804    25.8372    33.7576    22.1470     6.8918  0.000e+00
      3.217  121.78104   25.20804    25.8385    33.7579    22.1468     6.8949  0.000e+00
      3.187  121.78104   25.20804    25.8401    33.7584    22.1466     6.8906  0.000e+00
      3.166  121.78104   25.20804    25.8413    33.7584    22.1462     6.8899  0.000e+00
      3.188  121.78104   25.20804    25.8428    33.7582    22.1456     6.8894  0.000e+00
      3.166  121.78104   25.20804    25.8435    33.7579    22.1452     6.8889  0.000e+00
      3.108  121.78104   25.20804    25.8446    33.7585    22.1453     6.8920  0.000e+00
      3.079  121.78104   25.20804    25.8466    33.7587    22.1449     6.8878  0.000e+00
      3.108  121.78104   25.20804    25.8487    33.7589    22.1444     6.8871  0.000e+00
      3.079  121.78104   25.20804    25.8503    33.7585    22.1435     6.8903  0.000e+00
      2.999  121.78104   25.20804    25.8503    33.7577    22.1429     6.8902  0.000e+00
      2.999  121.78104   25.20804    25.8494    33.7570    22.1427     6.8902  0.000e+00
      3.021  121.78104   25.20804    25.8489    33.7560    22.1421     6.8939  0.000e+00
      2.948  121.78104   25.20804    25.8475    33.7542    22.1412     6.8943  0.000e+00
      2.970  121.78104   25.20804    25.8424    33.7545    22.1430     6.8911  0.000e+00
      2.897  121.78104   25.20804    25.8397    33.7564    22.1452     6.8950  0.000e+00
      2.948  121.78104   25.20804    25.8397    33.7567    22.1454     6.8952  0.000e+00
      2.912  121.78104   25.20804    25.8377    33.7565    22.1459     6.8956  0.000e+00
      2.839  121.78104   25.20804    25.8358    33.7567    22.1466     6.8961  0.000e+00
      2.810  121.78104   25.20804    25.8347    33.7572    22.1474     6.9002  0.000e+00
      2.839  121.78104   25.20804    25.8336    33.7573    22.1478     6.9008  0.000e+00
      2.789  121.78102   25.20804    25.8322    33.7574    22.1483     6.9014  0.000e+00
      2.810  121.78102   25.20804    25.8308    33.7575    22.1488     6.9020  0.000e+00
      2.730  121.78102   25.20804    25.8295    33.7580    22.1496     6.9060  0.000e+00
      2.752  121.78102   25.20804    25.8288    33.7582    22.1500     6.9065  0.000e+00
      2.730  121.78102   25.20804    25.8284    33.7582    22.1501     6.9068  0.000e+00
      2.643  121.78102   25.20804    25.8282    33.7590    22.1507     6.9070  0.000e+00
      2.730  121.78102   25.20804    25.8293    33.7590    22.1504     6.9034  0.000e+00
      2.629  121.78102   25.20804    25.8304    33.7588    22.1499     6.9070  0.000e+00
      2.701  121.78102   25.20804    25.8308    33.7588    22.1498     6.9034  0.000e+00
      2.629  121.78102   25.20804    25.8315    33.7589    22.1497     6.9031  0.000e+00
      2.542  121.78102   25.20804    25.8322    33.7592    22.1497     6.8991  0.000e+00
      2.571  121.78102   25.20804    25.8331    33.7588    22.1491     6.8987  0.000e+00
      2.629  121.78102   25.20804    25.8336    33.7593    22.1493     6.8984  0.000e+00
      2.542  121.78102   25.20804    25.8351    33.7589    22.1485     6.8978  0.000e+00
      2.520  121.78102   25.20804    25.8352    33.7584    22.1481     6.8976  0.000e+00
      2.484  121.78102   25.20804    25.8337    33.7582    22.1484     6.8975  0.000e+00
      2.462  121.78102   25.20804    25.8318    33.7577    22.1486     6.8975  0.000e+00
      2.411  121.78102   25.20804    25.8291    33.7578    22.1495     6.8975  0.000e+00
      2.484  121.78102   25.20804    25.8270    33.7580    22.1503     6.8975  0.000e+00
      2.411  121.78102   25.20804    25.8250    33.7583    22.1511     6.8973  0.000e+00
      2.433  121.78102   25.20804    25.8241    33.7581    22.1513     6.8934  0.000e+00
      2.303  121.78102   25.20804    25.8232    33.7586    22.1520     6.8931  0.000e+00
