CTD/5-1.cnv
* Sea-Bird SBE 9 Data File:
* FileName = D:\ctddata\cr2381\5-1.hex
* Software Version Seasave V 7.20g
* Temperature SN = 6284
* Conductivity SN = 4751
* Number of Bytes Per Scan = 34
* Number of Voltage Words = 5
* Number of Scans Averaged by the Deck Unit = 1
* NMEA Latitude = 25 12.91 N
* NMEA Longitude = 121 46.99 E
* NMEA UTC (Time) = Oct 07 2019  03:06:03
** Ship: OR2
** Station: 5-1
** Operator: CR2381
# nquan = 8
# nvalues = 7111                                  
# units = specified
# name 0 = depSM: Depth [salt water, m]
# name 1 = longitude: Longitude [deg]
# name 2 = latitude: Latitude [deg]
# name 3 = t090C: Temperature [ITS-90, deg C]
# name 4 = sal00: Salinity, Practical [PSU]
# name 5 = sigma-é00: Density [sigma-theta, kg/m^3]
# name 6 = sbeox0Mg/L: Oxygen, SBE 43 [mg/l]
# name 7 = flag:  0.000e+00
# span 0 =      0.732,    100.501                 
# span 1 =  121.78266,  121.78332                 
# span 2 =   25.21504,   25.21526                 
# span 3 =    18.0707,    25.8804                 
# span 4 =    33.7443,    34.3234                 
# span 5 =    22.1530,    24.7392                 
# span 6 =     5.7128,     6.9435                 
# span 7 = 0.0000e+00, 0.0000e+00                 
# interval = seconds: 0.0416667
# start_time = Oct 07 2019 03:06:03 [NMEA time, header]
# bad_flag = -9.990e-29
*END*
[from data line 1618]
     47.692  121.78318   25.21524    22.6239    33.9500    23.2475     6.3391  0.000e+00
     47.692  121.78318   25.21524    22.6056    33.9451    23.2490     6.3406  0.000e+00
     47.693  121.78318   25.21524    22.5589    33.9454    23.2624     6.3413  0.000e+00
     47.801  121.78318   25.21524    22.5110    33.9525    23.2814     6.3418  0.000e+00
     47.801  121.78318   25.21524    22.4680    33.9632    23.3016     6.3453  0.000e+00
     47.801  121.78318   25.21524    22.4333    33.9712    23.3174     6.3440  0.000e+00
     47.852  121.78318   25.21524    22.4196    33.9711    23.3213     6.3446  0.000e+00
     47.910  121.78318   25.21524    22.4029    33.9637    23.3203     6.3420  0.000e+00
     47.852  121.78318   25.21524    22.3540    33.9574    23.3294     6.3428  0.000e+00
     47.961  121.78318   25.21524    22.2913    33.9588    23.3480     6.3486  0.000e+00
     47.961  121.78318   25.21524    22.2361    33.9581    23.3630     6.3497  0.000e+00
     48.019  121.78318   25.21524    22.1687    33.9662    23.3880     6.3518  0.000e+00
     48.019  121.78318   25.21524    22.1012    33.9769    23.4150     6.3540  0.000e+00
     48.070  121.78318   25.21524    22.0419    33.9883    23.4403     6.3587  0.000e+00
     48.070  121.78318   25.21524    22.0069    33.9951    23.4552     6.3570  0.000e+00
     48.121  121.78318   25.21524    21.9807    34.0024    23.4680     6.3580  0.000e+00
     48.128  121.78318   25.21524    21.9589    34.0090    23.4791     6.3550  0.000e+00
     48.179  121.78318   25.21524    21.9381    34.0140    23.4887     6.3475  0.000e+00
     48.230  121.78318   25.21524    21.9197    34.0144    23.4941     6.3437  0.000e+00
     48.288  121.78318   25.21524    21.8926    34.0163    23.5031     6.3451  0.000e+00
     48.339  121.78318   25.21524    21.8691    34.0183    23.5111     6.3379  0.000e+00
     48.339  121.78318   25.21524    21.8467    34.0208    23.5192     6.3347  0.000e+00
     48.339  121.78318   25.21524    21.8197    34.0213    23.5271     6.3358  0.000e+00
     48.448  121.78318   25.21524    21.7867    34.0243    23.5385     6.3338  0.000e+00
     48.397  121.78318   25.21524    21.7611    34.0280    23.5485     6.3308  0.000e+00
     48.499  121.78318   25.21524    21.7415    34.0327    23.5575     6.3273  0.000e+00
     48.557  121.78318   25.21524    21.7256    34.0368    23.5649     6.3231  0.000e+00
     48.608  121.78318   25.21524    21.7136    34.0387    23.5697     6.3146  0.000e+00
     48.557  121.78318   25.21524    21.7022    34.0392    23.5732     6.3141  0.000e+00
     48.716  121.78318   25.21524    21.6879    34.0409    23.5785     6.3060  0.000e+00
     48.666  121.78318   25.21524    21.6756    34.0424    23.5831     6.3015  0.000e+00
     48.767  121.78318   25.21524    21.6638    34.0454    23.5885     6.2970  0.000e+00
     48.825  121.78318   25.21524    21.6568    34.0461    23.5910     6.2919  0.000e+00
     48.825  121.78318   25.21522    21.6502    34.0461    23.5929     6.2868  0.000e+00
     48.876  121.78318   25.21522    21.6419    34.0462    23.5952     6.2777  0.000e+00
     48.934  121.78318   25.21522    21.6346    34.0472    23.5980     6.2721  0.000e+00
     49.036  121.78318   25.21522    21.6281    34.0483    23.6006     6.2666  0.000e+00
     49.036  121.78318   25.21522    21.6255    34.0487    23.6017     6.2608  0.000e+00
     49.094  121.78318   25.21522    21.6246    34.0492    23.6023     6.2550  0.000e+00
     49.145  121.78318   25.21522    21.6235    34.0483    23.6019     6.2491  0.000e+00
     49.203  121.78318   25.21522    21.6206    34.0481    23.6025     6.2395  0.000e+00
     49.254  121.78318   25.21522    21.6183    34.0485    23.6035     6.2338  0.000e+00
     49.312  121.78318   25.21522    21.6160    34.0483    23.6040     6.2283  0.000e+00
     49.312  121.78318   25.21522    21.6144    34.0487    23.6047     6.2186  0.000e+00
     49.472  121.78318   25.21522    21.6123    34.0481    23.6049     6.2130  0.000e+00
     49.414  121.78318   25.21522    21.6069    34.0483    23.6065     6.2036  0.000e+00
     49.581  121.78318   25.21522    21.6011    34.0489    23.6085     6.1942  0.000e+00
     49.523  121.78318   25.21522    21.5987    34.0486    23.6090     6.1923  0.000e+00
     49.682  121.78318   25.21522    21.5959    34.0494    23.6104     6.1829  0.000e+00
     49.682  121.78318   25.21522    21.5931    34.0497    23.6113     6.1772  0.000e+00
     49.740  121.78318   25.21522    21.5894    34.0493    23.6121     6.1720  0.000e+00
     49.791  121.78318   25.21522    21.5868    34.0484    23.6121     6.1626  0.000e+00
     49.849  121.78318   25.21522    21.5813    34.0488    23.6140     6.1573  0.000e+00
     49.958  121.78318   25.21522    21.5772    34.0487    23.6150     6.1522  0.000e+00
     49.951  121.78318   25.21522    21.5759    34.0490    23.6156     6.1426  0.000e+00
     50.060  121.78318   25.21522    21.5749    34.0486    23.6156     6.1414  0.000e+00
     50.060  121.78318   25.21522    21.5719    34.0486    23.6164     6.1365  0.000e+00
     50.169  121.78318   25.21522    21.5689    34.0484    23.6170     6.1276  0.000e+00
     50.227  121.78318   25.21522    21.5562    34.0470    23.6195     6.1240  0.000e+00
     50.220  121.78318   25.21522    21.5235    34.0470    23.6285     6.1224  0.000e+00
     50.278  121.78318   25.21522    21.4855    34.0504    23.6415     6.1172  0.000e+00
     50.387  121.78318   25.21522    21.4572    34.0539    23.6519     6.1149  0.000e+00
     50.438  121.78318   25.21522    21.4367    34.0578    23.6605     6.1122  0.000e+00
     50.438  121.78318   25.21522    21.4213    34.0602    23.6666     6.1090  0.000e+00
     50.547  121.78318   25.21522    21.4076    34.0610    23.6709     6.1062  0.000e+00
     50.547  121.78318   25.21522    21.3898    34.0619    23.6765     6.1038  0.000e+00
     50.655  121.78318   25.21522    21.3721    34.0648    23.6836     6.1012  0.000e+00
     50.706  121.78318   25.21522    21.3599    34.0663    23.6880     6.0981  0.000e+00
     50.764  121.78318   25.21522    21.3501    34.0678    23.6919     6.0911  0.000e+00
     50.764  121.78318   25.21522    21.3423    34.0692    23.6950     6.0916  0.000e+00
     50.873  121.78318   25.21522    21.3320    34.0686    23.6974     6.0888  0.000e+00
     50.866  121.78318   25.21522    21.3150    34.0691    23.7024     6.0869  0.000e+00
     50.924  121.78318   25.21522    21.2995    34.0710    23.7081     6.0850  0.000e+00
     51.033  121.78318   25.21522    21.2871    34.0735    23.7134     6.0829  0.000e+00
     51.033  121.78318   25.21522    21.2793    34.0756    23.7171     6.0803  0.000e+00
     51.135  121.78318   25.21522    21.2759    34.0764    23.7187     6.0775  0.000e+00
     51.142  121.78318   25.21522    21.2749    34.0772    23.7195     6.0742  0.000e+00
     51.135  121.78318   25.21522    21.2738    34.0769    23.7197     6.0714  0.000e+00
     51.244  121.78318   25.21522    21.2719    34.0763    23.7196     6.0726  0.000e+00
     51.302  121.78318   25.21522    21.2696    34.0751    23.7193     6.0701  0.000e+00
     51.302  121.78318   25.21522    21.2657    34.0750    23.7203     6.0678  0.000e+00
     51.353  121.78318   25.21524    21.2628    34.0747    23.7210     6.0697  0.000e+00
     51.411  121.78318   25.21524    21.2601    34.0753    23.7222     6.0677  0.000e+00
     51.462  121.78318   25.21524    21.2580    34.0747    23.7223     6.0654  0.000e+00
     51.512  121.78318   25.21524    21.2555    34.0751    23.7232     6.0633  0.000e+00
     51.520  121.78318   25.21524    21.2541    34.0752    23.7237     6.0652  0.000e+00
     51.570  121.78318   25.21524    21.2527    34.0753    23.7241     6.0633  0.000e+00
     51.621  121.78318   25.21524    21.2520    34.0753    23.7244     6.0655  0.000e+00
     51.621  121.78318   25.21524    21.2524    34.0747    23.7238     6.0638  0.000e+00
     51.679  121.78318   25.21524    21.2520    34.0737    23.7232     6.0620  0.000e+00
     51.679  121.78318   25.21524    21.2519    34.0732    23.7228     6.0642  0.000e+00
     51.781  121.78318   25.21524    21.2500    34.0725    23.7228     6.0587  0.000e+00
     51.730  121.78318   25.21524    21.2466    34.0727    23.7238     6.0569  0.000e+00
     51.839  121.78318   25.21524    21.2463    34.0731    23.7242     6.0548  0.000e+00
     51.839  121.78318   25.21524    21.2462    34.0726    23.7239     6.0565  0.000e+00
     51.890  121.78318   25.21524    21.2412    34.0711    23.7241     6.0546  0.000e+00
     51.890  121.78318   25.21524    21.2330    34.0721    23.7271     6.0532  0.000e+00
     51.948  121.78318   25.21524    21.2300    34.0717    23.7276     6.0552  0.000e+00
     51.999  121.78318   25.21524    21.2264    34.0727    23.7293     6.0533  0.000e+00
     51.948  121.78318   25.21524    21.2228    34.0741    23.7314     6.0513  0.000e+00
     51.999  121.78318   25.21524    21.2207    34.0753    23.7329     6.0530  0.000e+00
     52.057  121.78318   25.21524    21.2196    34.0768    23.7344     6.0548  0.000e+00
     52.050  121.78318   25.21524    21.2183    34.0769    23.7348     6.0528  0.000e+00
     52.108  121.78318   25.21524    21.2177    34.0765    23.7346     6.0544  0.000e+00
     52.108  121.78318   25.21524    21.2184    34.0757    23.7339     6.0523  0.000e+00
     52.108  121.78318   25.21524    21.2190    34.0755    23.7336     6.0542  0.000e+00
     52.159  121.78318   25.21524    21.2177    34.0758    23.7341     6.0521  0.000e+00
     52.159  121.78318   25.21524    21.2149    34.0769    23.7357     6.0541  0.000e+00
     52.166  121.78318   25.21524    21.2184    34.0754    23.7336     6.0516  0.000e+00
     52.217  121.78318   25.21524    21.2290    34.0776    23.7324     6.0520  0.000e+00
     52.217  121.78318   25.21524    21.2652    34.0785    23.7232     6.0456  0.000e+00
     52.217  121.78318   25.21524    21.3007    34.0793    23.7142     6.0434  0.000e+00
     52.268  121.78318   25.21524    21.3348    34.0704    23.6981     6.0376  0.000e+00
     52.319  121.78318   25.21524    21.3603    34.0607    23.6837     6.0368  0.000e+00
     52.268  121.78318   25.21524    21.3746    34.0530    23.6740     6.0371  0.000e+00
     52.326  121.78318   25.21524    21.3900    34.0478    23.6658     6.0374  0.000e+00
     52.268  121.78318   25.21524    21.3942    34.0454    23.6628     6.0388  0.000e+00
     52.377  121.78318   25.21524    21.3718    34.0441    23.6679     6.0388  0.000e+00
     52.326  121.78318   25.21524    21.3246    34.0571    23.6908     6.0449  0.000e+00
     52.377  121.78318   25.21524    21.3108    34.0599    23.6967     6.0439  0.000e+00
     52.377  121.78318   25.21524    21.3094    34.0601    23.6972     6.0456  0.000e+00
     52.435  121.78318   25.21524    21.3082    34.0681    23.7036     6.0471  0.000e+00
     52.428  121.78318   25.21524    21.3088    34.0866    23.7175     6.0480  0.000e+00
     52.377  121.78318   25.21524    21.3197    34.0982    23.7234     6.0439  0.000e+00
     52.486  121.78318   25.21524    21.3611    34.0779    23.6966     6.0417  0.000e+00
     52.486  121.78318   25.21524    21.3931    34.0568    23.6718     6.0364  0.000e+00
     52.486  121.78318   25.21524    21.4092    34.0458    23.6590     6.0362  0.000e+00
     52.486  121.78318   25.21524    21.4117    34.0350    23.6502     6.0378  0.000e+00
     52.537  121.78318   25.21524    21.3795    34.0340    23.6582     6.0428  0.000e+00
     52.537  121.78318   25.21524    21.3323    34.0479    23.6817     6.0488  0.000e+00
     52.537  121.78318   25.21524    21.3038    34.0593    23.6981     6.0533  0.000e+00
     52.595  121.78318   25.21524    21.2925    34.0549    23.6978     6.0564  0.000e+00
     52.595  121.78318   25.21524    21.2646    34.0588    23.7085     6.0610  0.000e+00
     52.595  121.78318   25.21524    21.2349    34.0677    23.7233     6.0656  0.000e+00
     52.646  121.78318   25.21524    21.2153    34.0717    23.7317     6.0696  0.000e+00
     52.646  121.78318   25.21524    21.1981    34.0739    23.7381     6.0733  0.000e+00
     52.646  121.78318   25.21524    21.1890    34.0752    23.7415     6.0764  0.000e+00
     52.697  121.78318   25.21524    21.1850    34.0761    23.7432     6.0748  0.000e+00
     52.704  121.78318   25.21524    21.1787    34.0782    23.7466     6.0813  0.000e+00
     52.755  121.78318   25.21524    21.1763    34.0775    23.7467     6.0839  0.000e+00
     52.755  121.78318   25.21524    21.1770    34.0726    23.7428     6.0859  0.000e+00
     52.755  121.78318   25.21524    21.1585    34.0721    23.7474     6.0897  0.000e+00
     52.813  121.78318   25.21524    21.1202    34.0810    23.7646     6.0953  0.000e+00
     52.864  121.78318   25.21524    21.0987    34.0847    23.7733     6.0993  0.000e+00
     52.806  121.78318   25.21524    21.0893    34.0858    23.7767     6.1020  0.000e+00
     52.864  121.78318   25.21524    21.0830    34.0854    23.7781     6.1043  0.000e+00
     52.915  121.78318   25.21524    21.0732    34.0857    23.7809     6.1071  0.000e+00
     52.915  121.78318   25.21524    21.0627    34.0873    23.7850     6.1097  0.000e+00
     52.915  121.78318   25.21524    21.0574    34.0871    23.7863     6.1117  0.000e+00
     52.973  121.78318   25.21524    21.0509    34.0886    23.7892     6.1139  0.000e+00
     52.965  121.78318   25.21524    21.0470    34.0887    23.7904     6.1160  0.000e+00
     53.024  121.78318   25.21524    21.0423    34.0891    23.7919     6.1179  0.000e+00
     53.082  121.78318   25.21524    21.0374    34.0891    23.7933     6.1201  0.000e+00
     53.024  121.78318   25.21522    21.0356    34.0892    23.7938     6.1174  0.000e+00
     53.132  121.78318   25.21522    21.0361    34.0895    23.7939     6.1186  0.000e+00
     53.074  121.78318   25.21522    21.0415    34.0877    23.7910     6.1149  0.000e+00
     53.183  121.78318   25.21522    21.0433    34.0872    23.7902     6.1156  0.000e+00
     53.183  121.78318   25.21522    21.0370    34.0880    23.7925     6.1169  0.000e+00
     53.183  121.78318   25.21522    21.0290    34.0878    23.7945     6.1143  0.000e+00
     53.183  121.78318   25.21522    21.0195    34.0884    23.7976     6.1156  0.000e+00
     53.292  121.78318   25.21522    21.0046    34.0907    23.8033     6.1175  0.000e+00
     53.292  121.78318   25.21522    20.9958    34.0913    23.8062     6.1186  0.000e+00
     53.292  121.78318   25.21522    20.9884    34.0929    23.8094     6.1196  0.000e+00
     53.350  121.78318   25.21522    20.9852    34.0939    23.8110     6.1161  0.000e+00
     53.343  121.78318   25.21522    20.9876    34.0925    23.8093     6.1160  0.000e+00
     53.401  121.78318   25.21522    20.9858    34.0922    23.8095     6.1122  0.000e+00
     53.401  121.78318   25.21522    20.9812    34.0924    23.8109     6.1166  0.000e+00
     53.452  121.78318   25.21522    20.9797    34.0925    23.8114     6.1127  0.000e+00
     53.452  121.78318   25.21522    20.9765    34.0920    23.8119     6.1127  0.000e+00
     53.510  121.78318   25.21522    20.9712    34.0931    23.8142     6.1130  0.000e+00
     53.510  121.78318   25.21522    20.9689    34.0939    23.8154     6.1088  0.000e+00
     53.510  121.78318   25.21522    20.9661    34.0948    23.8168     6.1086  0.000e+00
     53.561  121.78318   25.21522    20.9611    34.0941    23.8177     6.1044  0.000e+00
     53.612  121.78318   25.21522    20.9576    34.0942    23.8187     6.1040  0.000e+00
     53.619  121.78318   25.21522    20.9551    34.0941    23.8193     6.1033  0.000e+00
     53.670  121.78318   25.21522    20.9530    34.0938    23.8196     6.0985  0.000e+00
     53.670  121.78318   25.21522    20.9509    34.0940    23.8204     6.0975  0.000e+00
     53.670  121.78316   25.21522    20.9490    34.0940    23.8209     6.0967  0.000e+00
     53.721  121.78316   25.21522    20.9483    34.0941    23.8212     6.0917  0.000e+00
