CTD/5-1.cnv
* Sea-Bird SBE 9 Data File:
* FileName = D:\ctddata\cr2381\5-1.hex
* Software Version Seasave V 7.20g
* Temperature SN = 6284
* Conductivity SN = 4751
* Number of Bytes Per Scan = 34
* Number of Voltage Words = 5
* Number of Scans Averaged by the Deck Unit = 1
* NMEA Latitude = 25 12.91 N
* NMEA Longitude = 121 46.99 E
* NMEA UTC (Time) = Oct 07 2019  03:06:03
** Ship: OR2
** Station: 5-1
** Operator: CR2381
# nquan = 8
# nvalues = 7111                                  
# units = specified
# name 0 = depSM: Depth [salt water, m]
# name 1 = longitude: Longitude [deg]
# name 2 = latitude: Latitude [deg]
# name 3 = t090C: Temperature [ITS-90, deg C]
# name 4 = sal00: Salinity, Practical [PSU]
# name 5 = sigma-é00: Density [sigma-theta, kg/m^3]
# name 6 = sbeox0Mg/L: Oxygen, SBE 43 [mg/l]
# name 7 = flag:  0.000e+00
# span 0 =      0.732,    100.501                 
# span 1 =  121.78266,  121.78332                 
# span 2 =   25.21504,   25.21526                 
# span 3 =    18.0707,    25.8804                 
# span 4 =    33.7443,    34.3234                 
# span 5 =    22.1530,    24.7392                 
# span 6 =     5.7128,     6.9435                 
# span 7 = 0.0000e+00, 0.0000e+00                 
# interval = seconds: 0.0416667
# start_time = Oct 07 2019 03:06:03 [NMEA time, header]
# bad_flag = -9.990e-29
*END*
[from data line 6293]
     21.644  121.78274   25.21504    24.8295    33.8778    22.5463     6.6793  0.000e+00
     21.586  121.78274   25.21504    24.8322    33.8785    22.5460     6.6795  0.000e+00
     21.586  121.78274   25.21504    24.8330    33.8783    22.5456     6.6800  0.000e+00
     21.586  121.78274   25.21504    24.8309    33.8770    22.5452     6.6811  0.000e+00
     21.586  121.78274   25.21504    24.8282    33.8756    22.5450     6.6819  0.000e+00
     21.535  121.78274   25.21504    24.8263    33.8759    22.5458     6.6825  0.000e+00
     21.477  121.78274   25.21504    24.8257    33.8763    22.5463     6.6788  0.000e+00
     21.535  121.78274   25.21504    24.8256    33.8765    22.5465     6.6825  0.000e+00
     21.477  121.78274   25.21504    24.8254    33.8764    22.5465     6.6824  0.000e+00
     21.426  121.78274   25.21504    24.8252    33.8768    22.5468     6.6823  0.000e+00
     21.426  121.78274   25.21504    24.8256    33.8766    22.5465     6.6820  0.000e+00
     21.426  121.78274   25.21504    24.8256    33.8766    22.5465     6.6820  0.000e+00
     21.375  121.78274   25.21504    24.8256    33.8771    22.5469     6.6816  0.000e+00
     21.375  121.78274   25.21504    24.8263    33.8776    22.5471     6.6811  0.000e+00
     21.375  121.78274   25.21504    24.8273    33.8778    22.5469     6.6805  0.000e+00
     21.317  121.78274   25.21504    24.8284    33.8782    22.5469     6.6798  0.000e+00
     21.317  121.78274   25.21504    24.8304    33.8781    22.5462     6.6830  0.000e+00
     21.266  121.78274   25.21504    24.8313    33.8784    22.5462     6.6823  0.000e+00
     21.266  121.78274   25.21504    24.8320    33.8781    22.5458     6.6855  0.000e+00
     21.208  121.78274   25.21504    24.8320    33.8784    22.5459     6.6815  0.000e+00
     21.208  121.78274   25.21504    24.8325    33.8780    22.5455     6.6847  0.000e+00
     21.157  121.78274   25.21504    24.8320    33.8782    22.5458     6.6844  0.000e+00
     21.157  121.78274   25.21504    24.8314    33.8777    22.5456     6.6840  0.000e+00
     21.157  121.78274   25.21504    24.8311    33.8787    22.5465     6.6835  0.000e+00
     21.107  121.78274   25.21504    24.8329    33.8780    22.5454     6.6789  0.000e+00
     21.049  121.78274   25.21504    24.8316    33.8781    22.5459     6.6819  0.000e+00
     21.049  121.78274   25.21504    24.8306    33.8770    22.5453     6.6815  0.000e+00
     20.998  121.78274   25.21504    24.8295    33.8773    22.5459     6.6810  0.000e+00
     20.998  121.78274   25.21504    24.8295    33.8778    22.5462     6.6803  0.000e+00
     20.998  121.78274   25.21504    24.8297    33.8780    22.5463     6.6797  0.000e+00
     20.940  121.78274   25.21504    24.8300    33.8794    22.5473     6.6790  0.000e+00
     20.889  121.78274   25.21504    24.8313    33.8805    22.5477     6.6781  0.000e+00
     20.838  121.78274   25.21504    24.8322    33.8799    22.5470     6.6775  0.000e+00
     20.889  121.78274   25.21504    24.8322    33.8787    22.5461     6.6770  0.000e+00
     20.838  121.78274   25.21504    24.8316    33.8779    22.5457     6.6767  0.000e+00
     20.780  121.78274   25.21504    24.8307    33.8771    22.5453     6.6766  0.000e+00
     20.780  121.78274   25.21504    24.8295    33.8764    22.5452     6.6804  0.000e+00
     20.729  121.78274   25.21504    24.8286    33.8769    22.5458     6.6804  0.000e+00
     20.780  121.78274   25.21504    24.8279    33.8771    22.5462     6.6766  0.000e+00
     20.671  121.78274   25.21504    24.8284    33.8775    22.5463     6.6764  0.000e+00
     20.671  121.78274   25.21504    24.8302    33.8779    22.5460     6.6758  0.000e+00
     20.620  121.78274   25.21504    24.8309    33.8779    22.5458     6.6793  0.000e+00
     20.620  121.78274   25.21504    24.8306    33.8781    22.5461     6.6755  0.000e+00
     20.570  121.78274   25.21504    24.8307    33.8787    22.5465     6.6790  0.000e+00
     20.620  121.78274   25.21504    24.8318    33.8794    22.5467     6.6788  0.000e+00
     20.512  121.78274   25.21504    24.8323    33.8796    22.5467     6.6788  0.000e+00
     20.512  121.78274   25.21504    24.8330    33.8792    22.5462     6.6789  0.000e+00
     20.461  121.78274   25.21504    24.8330    33.8794    22.5464     6.6827  0.000e+00
     20.461  121.78274   25.21504    24.8336    33.8796    22.5463     6.6827  0.000e+00
     20.461  121.78274   25.21504    24.8341    33.8793    22.5459     6.6829  0.000e+00
     20.403  121.78274   25.21504    24.8341    33.8793    22.5460     6.6830  0.000e+00
     20.352  121.78274   25.21504    24.8341    33.8793    22.5460     6.6831  0.000e+00
     20.352  121.78274   25.21504    24.8346    33.8790    22.5455     6.6832  0.000e+00
     20.352  121.78274   25.21504    24.8345    33.8793    22.5458     6.6871  0.000e+00
     20.294  121.78274   25.21504    24.8345    33.8796    22.5461     6.6835  0.000e+00
     20.294  121.78274   25.21504    24.8345    33.8795    22.5459     6.6870  0.000e+00
     20.243  121.78274   25.21504    24.8348    33.8794    22.5458     6.6871  0.000e+00
     20.192  121.78274   25.21504    24.8350    33.8796    22.5459     6.6872  0.000e+00
     20.192  121.78274   25.21504    24.8350    33.8797    22.5459     6.6872  0.000e+00
     20.192  121.78274   25.21504    24.8350    33.8797    22.5459     6.6872  0.000e+00
     20.134  121.78274   25.21504    24.8350    33.8797    22.5460     6.6833  0.000e+00
     20.083  121.78274   25.21504    24.8352    33.8796    22.5458     6.6830  0.000e+00
     20.083  121.78274   25.21504    24.8356    33.8798    22.5458     6.6826  0.000e+00
     20.025  121.78274   25.21504    24.8359    33.8797    22.5457     6.6822  0.000e+00
     20.025  121.78274   25.21504    24.8368    33.8799    22.5456     6.6817  0.000e+00
     20.025  121.78274   25.21504    24.8379    33.8814    22.5464     6.6813  0.000e+00
     19.975  121.78274   25.21504    24.8393    33.8822    22.5465     6.6808  0.000e+00
     19.866  121.78274   25.21504    24.8402    33.8824    22.5464     6.6806  0.000e+00
     19.924  121.78274   25.21504    24.8407    33.8817    22.5457     6.6803  0.000e+00
     19.866  121.78274   25.21504    24.8411    33.8813    22.5453     6.6802  0.000e+00
     19.815  121.78274   25.21504    24.8412    33.8816    22.5455     6.6800  0.000e+00
     19.815  121.78274   25.21504    24.8412    33.8815    22.5454     6.6799  0.000e+00
     19.757  121.78274   25.21504    24.8418    33.8818    22.5454     6.6796  0.000e+00
     19.757  121.78274   25.21504    24.8423    33.8821    22.5455     6.6792  0.000e+00
     19.706  121.78274   25.21504    24.8431    33.8822    22.5454     6.6789  0.000e+00
     19.655  121.78274   25.21504    24.8436    33.8829    22.5458     6.6824  0.000e+00
     19.655  121.78274   25.21504    24.8447    33.8829    22.5454     6.6822  0.000e+00
     19.597  121.78274   25.21504    24.8448    33.8830    22.5454     6.6822  0.000e+00
     19.546  121.78274   25.21504    24.8454    33.8837    22.5458     6.6820  0.000e+00
     19.525  121.78274   25.21504    24.8463    33.8837    22.5455     6.6818  0.000e+00
     19.488  121.78274   25.21504    24.8466    33.8840    22.5457     6.6816  0.000e+00
     19.488  121.78274   25.21504    24.8475    33.8838    22.5452     6.6852  0.000e+00
     19.329  121.78274   25.21504    24.8477    33.8834    22.5448     6.6851  0.000e+00
     19.438  121.78274   25.21504    24.8473    33.8839    22.5453     6.6852  0.000e+00
     19.329  121.78274   25.21504    24.8471    33.8839    22.5454     6.6851  0.000e+00
     19.278  121.78274   25.21504    24.8470    33.8840    22.5455     6.6891  0.000e+00
     19.329  121.78274   25.21504    24.8471    33.8841    22.5456     6.6894  0.000e+00
     19.169  121.78274   25.21504    24.8473    33.8843    22.5456     6.6932  0.000e+00
     19.220  121.78274   25.21504    24.8478    33.8840    22.5453     6.6934  0.000e+00
     19.169  121.78274   25.21504    24.8475    33.8843    22.5456     6.6936  0.000e+00
     19.118  121.78274   25.21504    24.8477    33.8842    22.5454     6.6939  0.000e+00
     19.009  121.78274   25.21504    24.8473    33.8845    22.5458     6.6940  0.000e+00
     19.060  121.78274   25.21504    24.8475    33.8843    22.5456     6.6943  0.000e+00
     19.009  121.78274   25.21504    24.8475    33.8843    22.5456     6.6944  0.000e+00
     18.951  121.78274   25.21504    24.8471    33.8844    22.5457     6.6946  0.000e+00
     19.009  121.78274   25.21504    24.8471    33.8843    22.5457     6.6986  0.000e+00
     18.843  121.78274   25.21504    24.8471    33.8848    22.5461     6.6990  0.000e+00
     18.843  121.78274   25.21504    24.8471    33.8850    22.5462     6.6995  0.000e+00
     18.843  121.78274   25.21504    24.8475    33.8847    22.5459     6.6999  0.000e+00
     18.741  121.78274   25.21504    24.8478    33.8847    22.5458     6.7001  0.000e+00
     18.741  121.78274   25.21504    24.8480    33.8848    22.5458     6.7005  0.000e+00
     18.719  121.78274   25.21504    24.8484    33.8844    22.5454     6.7007  0.000e+00
     18.683  121.78274   25.21504    24.8484    33.8846    22.5455     6.7012  0.000e+00
     18.574  121.78274   25.21504    24.8486    33.8843    22.5452     6.7013  0.000e+00
     18.632  121.78274   25.21504    24.8484    33.8849    22.5457     6.7055  0.000e+00
     18.632  121.78274   25.21504    24.8488    33.8845    22.5453     6.7061  0.000e+00
     18.523  121.78274   25.21504    24.8488    33.8847    22.5455     6.7065  0.000e+00
     18.523  121.78274   25.21504    24.8491    33.8841    22.5449     6.7070  0.000e+00
     18.472  121.78274   25.21504    24.8488    33.8840    22.5450     6.7036  0.000e+00
     18.414  121.78274   25.21504    24.8488    33.8839    22.5449     6.7073  0.000e+00
     18.414  121.78274   25.21504    24.8486    33.8845    22.5454     6.7075  0.000e+00
     18.414  121.78274   25.21504    24.8486    33.8844    22.5453     6.7075  0.000e+00
     18.364  121.78274   25.21504    24.8486    33.8843    22.5452     6.7075  0.000e+00
     18.306  121.78274   25.21504    24.8484    33.8847    22.5456     6.7074  0.000e+00
     18.306  121.78274   25.21504    24.8486    33.8849    22.5456     6.7072  0.000e+00
     18.255  121.78274   25.21504    24.8488    33.8849    22.5456     6.7108  0.000e+00
     18.204  121.78274   25.21504    24.8491    33.8848    22.5455     6.7107  0.000e+00
     18.233  121.78274   25.21504    24.8488    33.8849    22.5456     6.7069  0.000e+00
     18.146  121.78274   25.21504    24.8489    33.8848    22.5454     6.7103  0.000e+00
     18.146  121.78274   25.21504    24.8489    33.8848    22.5454     6.7101  0.000e+00
     18.037  121.78274   25.21504    24.8491    33.8849    22.5455     6.7097  0.000e+00
     18.204  121.78274   25.21504    24.8495    33.8851    22.5456     6.7095  0.000e+00
     18.037  121.78274   25.21504    24.8495    33.8851    22.5455     6.7089  0.000e+00
     17.986  121.78274   25.21504    24.8497    33.8851    22.5455     6.7084  0.000e+00
     18.037  121.78274   25.21504    24.8497    33.8849    22.5454     6.7120  0.000e+00
     17.986  121.78274   25.21504    24.8498    33.8845    22.5450     6.7118  0.000e+00
     17.935  121.78274   25.21504    24.8497    33.8848    22.5453     6.7116  0.000e+00
     17.935  121.78274   25.21504    24.8498    33.8850    22.5454     6.7113  0.000e+00
     17.935  121.78274   25.21504    24.8498    33.8851    22.5454     6.7110  0.000e+00
     17.769  121.78274   25.21504    24.8502    33.8846    22.5449     6.7104  0.000e+00
     17.936  121.78274   25.21504    24.8504    33.8849    22.5451     6.7141  0.000e+00
     17.856  121.78274   25.21504    24.8504    33.8849    22.5451     6.7140  0.000e+00
     17.769  121.78274   25.21504    24.8506    33.8846    22.5448     6.7100  0.000e+00
     17.769  121.78274   25.21504    24.8504    33.8848    22.5450     6.7096  0.000e+00
     17.769  121.78272   25.21504    24.8504    33.8845    22.5448     6.7132  0.000e+00
     17.718  121.78272   25.21504    24.8504    33.8845    22.5448     6.7131  0.000e+00
     17.718  121.78272   25.21504    24.8500    33.8849    22.5452     6.7132  0.000e+00
     17.718  121.78272   25.21504    24.8500    33.8848    22.5451     6.7133  0.000e+00
     17.667  121.78272   25.21504    24.8498    33.8849    22.5452     6.7171  0.000e+00
     17.609  121.78272   25.21504    24.8497    33.8852    22.5456     6.7172  0.000e+00
     17.667  121.78272   25.21504    24.8502    33.8854    22.5455     6.7174  0.000e+00
     17.609  121.78272   25.21504    24.8507    33.8854    22.5453     6.7173  0.000e+00
     17.609  121.78272   25.21504    24.8507    33.8855    22.5454     6.7173  0.000e+00
     17.558  121.78272   25.21504    24.8504    33.8858    22.5457     6.7173  0.000e+00
     17.536  121.78272   25.21504    24.8500    33.8856    22.5457     6.7175  0.000e+00
     17.558  121.78272   25.21504    24.8505    33.8852    22.5453     6.7175  0.000e+00
     17.500  121.78272   25.21504    24.8504    33.8855    22.5455     6.7175  0.000e+00
     17.500  121.78272   25.21504    24.8504    33.8852    22.5453     6.7175  0.000e+00
     17.500  121.78272   25.21504    24.8502    33.8853    22.5454     6.7213  0.000e+00
     17.500  121.78272   25.21504    24.8502    33.8845    22.5449     6.7215  0.000e+00
     17.391  121.78272   25.21504    24.8493    33.8850    22.5455     6.7215  0.000e+00
     17.449  121.78272   25.21504    24.8493    33.8850    22.5455     6.7216  0.000e+00
     17.391  121.78272   25.21504    24.8500    33.8852    22.5454     6.7252  0.000e+00
     17.391  121.78272   25.21504    24.8502    33.8855    22.5456     6.7217  0.000e+00
     17.391  121.78272   25.21504    24.8502    33.8850    22.5452     6.7218  0.000e+00
     17.340  121.78272   25.21504    24.8495    33.8848    22.5453     6.7219  0.000e+00
     17.370  121.78272   25.21504    24.8489    33.8845    22.5452     6.7258  0.000e+00
     17.340  121.78272   25.21504    24.8488    33.8850    22.5456     6.7257  0.000e+00
     17.290  121.78272   25.21504    24.8493    33.8850    22.5454     6.7257  0.000e+00
     17.340  121.78272   25.21504    24.8497    33.8853    22.5456     6.7257  0.000e+00
     17.290  121.78272   25.21504    24.8502    33.8855    22.5456     6.7217  0.000e+00
     17.232  121.78272   25.21504    24.8507    33.8848    22.5449     6.7214  0.000e+00
     17.232  121.78272   25.21504    24.8488    33.8828    22.5440     6.7213  0.000e+00
     17.290  121.78272   25.21504    24.8448    33.8813    22.5440     6.7215  0.000e+00
     17.232  121.78272   25.21504    24.8420    33.8802    22.5440     6.7178  0.000e+00
     17.181  121.78272   25.21504    24.8402    33.8804    22.5447     6.7213  0.000e+00
     17.232  121.78272   25.21504    24.8395    33.8809    22.5454     6.7209  0.000e+00
     17.123  121.78272   25.21504    24.8391    33.8809    22.5454     6.7167  0.000e+00
     17.210  121.78272   25.21504    24.8389    33.8810    22.5456     6.7162  0.000e+00
     17.123  121.78272   25.21504    24.8389    33.8809    22.5455     6.7156  0.000e+00
     17.123  121.78272   25.21504    24.8389    33.8813    22.5458     6.7111  0.000e+00
     17.123  121.78272   25.21504    24.8393    33.8810    22.5454     6.7102  0.000e+00
     17.123  121.78272   25.21504    24.8391    33.8810    22.5455     6.7055  0.000e+00
     17.072  121.78272   25.21504    24.8393    33.8809    22.5454     6.7046  0.000e+00
     17.072  121.78272   25.21504    24.8391    33.8808    22.5453     6.7037  0.000e+00
     17.072  121.78272   25.21504    24.8389    33.8811    22.5456     6.6990  0.000e+00
     17.021  121.78272   25.21504    24.8391    33.8813    22.5457     6.7017  0.000e+00
     17.021  121.78272   25.21504    24.8391    33.8811    22.5456     6.6970  0.000e+00
