CTD/5-1.cnv
* Sea-Bird SBE 9 Data File:
* FileName = D:\ctddata\cr2381\5-1.hex
* Software Version Seasave V 7.20g
* Temperature SN = 6284
* Conductivity SN = 4751
* Number of Bytes Per Scan = 34
* Number of Voltage Words = 5
* Number of Scans Averaged by the Deck Unit = 1
* NMEA Latitude = 25 12.91 N
* NMEA Longitude = 121 46.99 E
* NMEA UTC (Time) = Oct 07 2019  03:06:03
** Ship: OR2
** Station: 5-1
** Operator: CR2381
# nquan = 8
# nvalues = 7111                                  
# units = specified
# name 0 = depSM: Depth [salt water, m]
# name 1 = longitude: Longitude [deg]
# name 2 = latitude: Latitude [deg]
# name 3 = t090C: Temperature [ITS-90, deg C]
# name 4 = sal00: Salinity, Practical [PSU]
# name 5 = sigma-é00: Density [sigma-theta, kg/m^3]
# name 6 = sbeox0Mg/L: Oxygen, SBE 43 [mg/l]
# name 7 = flag:  0.000e+00
# span 0 =      0.732,    100.501                 
# span 1 =  121.78266,  121.78332                 
# span 2 =   25.21504,   25.21526                 
# span 3 =    18.0707,    25.8804                 
# span 4 =    33.7443,    34.3234                 
# span 5 =    22.1530,    24.7392                 
# span 6 =     5.7128,     6.9435                 
# span 7 = 0.0000e+00, 0.0000e+00                 
# interval = seconds: 0.0416667
# start_time = Oct 07 2019 03:06:03 [NMEA time, header]
# bad_flag = -9.990e-29
*END*
[from data line 6832]
      7.937  121.78268   25.21504    25.5240    33.8201    22.2908     6.9057  0.000e+00
      7.937  121.78268   25.21504    25.5242    33.8201    22.2907     6.9058  0.000e+00
      7.886  121.78268   25.21504    25.5247    33.8197    22.2903     6.9058  0.000e+00
      7.857  121.78268   25.21504    25.5251    33.8197    22.2902     6.9097  0.000e+00
      7.886  121.78268   25.21504    25.5255    33.8197    22.2900     6.9063  0.000e+00
      7.828  121.78268   25.21504    25.5254    33.8201    22.2903     6.9100  0.000e+00
      7.799  121.78268   25.21504    25.5256    33.8200    22.2902     6.9065  0.000e+00
      7.777  121.78268   25.21504    25.5259    33.8198    22.2900     6.9101  0.000e+00
      7.777  121.78268   25.21504    25.5261    33.8200    22.2900     6.9100  0.000e+00
      7.748  121.78268   25.21504    25.5272    33.8196    22.2894     6.9101  0.000e+00
      7.719  121.78268   25.21504    25.5279    33.8196    22.2892     6.9101  0.000e+00
      7.719  121.78268   25.21504    25.5284    33.8199    22.2893     6.9099  0.000e+00
      7.719  121.78268   25.21504    25.5284    33.8202    22.2895     6.9097  0.000e+00
      7.690  121.78268   25.21504    25.5291    33.8202    22.2893     6.9093  0.000e+00
      7.668  121.78268   25.21504    25.5293    33.8204    22.2893     6.9092  0.000e+00
      7.668  121.78268   25.21504    25.5295    33.8206    22.2895     6.9089  0.000e+00
      7.639  121.78268   25.21504    25.5295    33.8209    22.2897     6.9084  0.000e+00
      7.668  121.78268   25.21504    25.5302    33.8214    22.2899     6.9079  0.000e+00
      7.618  121.78268   25.21504    25.5306    33.8219    22.2901     6.9073  0.000e+00
      7.639  121.78268   25.21504    25.5309    33.8221    22.2902     6.9069  0.000e+00
      7.618  121.78268   25.21504    25.5311    33.8226    22.2905     6.9065  0.000e+00
      7.560  121.78268   25.21504    25.5311    33.8231    22.2908     6.9060  0.000e+00
      7.618  121.78268   25.21504    25.5311    33.8233    22.2910     6.9056  0.000e+00
      7.581  121.78268   25.21504    25.5315    33.8230    22.2906     6.9050  0.000e+00
      7.618  121.78268   25.21504    25.5313    33.8215    22.2895     6.9046  0.000e+00
      7.560  121.78268   25.21504    25.5291    33.8187    22.2881     6.9043  0.000e+00
      7.581  121.78268   25.21504    25.5272    33.8173    22.2876     6.9004  0.000e+00
      7.560  121.78268   25.21504    25.5261    33.8174    22.2881     6.8999  0.000e+00
      7.509  121.78268   25.21504    25.5265    33.8177    22.2882     6.8991  0.000e+00
      7.581  121.78268   25.21504    25.5261    33.8163    22.2872     6.8988  0.000e+00
      7.560  121.78268   25.21504    25.5247    33.8134    22.2854     6.9021  0.000e+00
      7.560  121.78268   25.21504    25.5229    33.8120    22.2850     6.8982  0.000e+00
      7.480  121.78268   25.21504    25.5213    33.8118    22.2853     6.8978  0.000e+00
      7.560  121.78268   25.21504    25.5203    33.8123    22.2860     6.8974  0.000e+00
      7.509  121.78268   25.21504    25.5197    33.8119    22.2859     6.8931  0.000e+00
      7.560  121.78268   25.21504    25.5197    33.8130    22.2867     6.8925  0.000e+00
      7.480  121.78268   25.21504    25.5213    33.8135    22.2866     6.8878  0.000e+00
      7.509  121.78268   25.21504    25.5206    33.8142    22.2874     6.8871  0.000e+00
      7.509  121.78268   25.21504    25.5216    33.8161    22.2885     6.8861  0.000e+00
      7.480  121.78268   25.21504    25.5250    33.8175    22.2885     6.8851  0.000e+00
      7.451  121.78268   25.21504    25.5258    33.8179    22.2885     6.8844  0.000e+00
      7.509  121.78268   25.21504    25.5270    33.8185    22.2886     6.8800  0.000e+00
      7.480  121.78268   25.21504    25.5270    33.8197    22.2895     6.8792  0.000e+00
      7.451  121.78268   25.21504    25.5268    33.8194    22.2893     6.8785  0.000e+00
      7.509  121.78268   25.21504    25.5265    33.8183    22.2887     6.8782  0.000e+00
      7.422  121.78268   25.21504    25.5259    33.8184    22.2889     6.8814  0.000e+00
      7.451  121.78268   25.21504    25.5259    33.8183    22.2888     6.8810  0.000e+00
      7.451  121.78268   25.21504    25.5256    33.8177    22.2884     6.8807  0.000e+00
      7.400  121.78268   25.21504    25.5258    33.8179    22.2886     6.8803  0.000e+00
      7.480  121.78268   25.21504    25.5258    33.8184    22.2889     6.8800  0.000e+00
      7.451  121.78268   25.21504    25.5265    33.8182    22.2885     6.8833  0.000e+00
      7.400  121.78268   25.21504    25.5268    33.8176    22.2880     6.8832  0.000e+00
      7.422  121.78268   25.21504    25.5265    33.8172    22.2878     6.8796  0.000e+00
      7.400  121.78268   25.21504    25.5261    33.8165    22.2874     6.8794  0.000e+00
      7.400  121.78268   25.21504    25.5261    33.8161    22.2871     6.8794  0.000e+00
      7.371  121.78268   25.21504    25.5272    33.8169    22.2873     6.8827  0.000e+00
      7.400  121.78268   25.21504    25.5277    33.8175    22.2876     6.8791  0.000e+00
      7.349  121.78268   25.21504    25.5277    33.8173    22.2875     6.8791  0.000e+00
      7.371  121.78268   25.21504    25.5268    33.8167    22.2873     6.8793  0.000e+00
      7.291  121.78268   25.21504    25.5254    33.8159    22.2871     6.8795  0.000e+00
      7.349  121.78268   25.21504    25.5246    33.8152    22.2868     6.8760  0.000e+00
      7.400  121.78268   25.21504    25.5245    33.8155    22.2871     6.8760  0.000e+00
      7.262  121.78268   25.21504    25.5252    33.8161    22.2874     6.8795  0.000e+00
      7.349  121.78268   25.21504    25.5249    33.8145    22.2862     6.8799  0.000e+00
      7.291  121.78268   25.21504    25.5233    33.8119    22.2848     6.8803  0.000e+00
      7.313  121.78268   25.21504    25.5220    33.8095    22.2834     6.8809  0.000e+00
      7.240  121.78268   25.21504    25.5210    33.8084    22.2828     6.8812  0.000e+00
      7.291  121.78268   25.21504    25.5202    33.8093    22.2837     6.8817  0.000e+00
      7.313  121.78268   25.21504    25.5195    33.8094    22.2840     6.8821  0.000e+00
      7.240  121.78268   25.21504    25.5180    33.8078    22.2832     6.8789  0.000e+00
      7.291  121.78268   25.21504    25.5161    33.8066    22.2830     6.8831  0.000e+00
      7.211  121.78268   25.21504    25.5152    33.8065    22.2832     6.8836  0.000e+00
      7.240  121.78268   25.21504    25.5145    33.8067    22.2835     6.8842  0.000e+00
      7.182  121.78268   25.21504    25.5148    33.8074    22.2840     6.8845  0.000e+00
      7.240  121.78268   25.21504    25.5150    33.8083    22.2845     6.8850  0.000e+00
      7.211  121.78268   25.21504    25.5148    33.8077    22.2842     6.8854  0.000e+00
      7.182  121.78268   25.21504    25.5143    33.8075    22.2842     6.8857  0.000e+00
      7.182  121.78268   25.21504    25.5136    33.8072    22.2842     6.8862  0.000e+00
      7.153  121.78268   25.21504    25.5139    33.8071    22.2840     6.8865  0.000e+00
      7.132  121.78268   25.21504    25.5141    33.8075    22.2842     6.8870  0.000e+00
      7.132  121.78268   25.21504    25.5145    33.8078    22.2844     6.8874  0.000e+00
      7.153  121.78268   25.21504    25.5147    33.8079    22.2843     6.8878  0.000e+00
      7.132  121.78268   25.21504    25.5149    33.8077    22.2842     6.8882  0.000e+00
      7.081  121.78268   25.21504    25.5150    33.8080    22.2844     6.8884  0.000e+00
      7.103  121.78268   25.21504    25.5154    33.8082    22.2844     6.8886  0.000e+00
      7.023  121.78268   25.21504    25.5159    33.8082    22.2842     6.8885  0.000e+00
      7.081  121.78268   25.21504    25.5161    33.8085    22.2844     6.8886  0.000e+00
      7.045  121.78268   25.21504    25.5168    33.8094    22.2849     6.8885  0.000e+00
      7.023  121.78268   25.21504    25.5180    33.8108    22.2855     6.8883  0.000e+00
      7.023  121.78268   25.21504    25.5191    33.8108    22.2852     6.8919  0.000e+00
      6.994  121.78268   25.21504    25.5184    33.8105    22.2852     6.8920  0.000e+00
      6.972  121.78268   25.21504    25.5179    33.8096    22.2846     6.8921  0.000e+00
      6.972  121.78268   25.21504    25.5179    33.8093    22.2844     6.8921  0.000e+00
      6.972  121.78268   25.21504    25.5174    33.8097    22.2849     6.8959  0.000e+00
      6.943  121.78268   25.21504    25.5177    33.8094    22.2846     6.8962  0.000e+00
      6.914  121.78268   25.21504    25.5175    33.8094    22.2846     6.8966  0.000e+00
      6.914  121.78268   25.21504    25.5173    33.8092    22.2845     6.8969  0.000e+00
      6.885  121.78268   25.21504    25.5172    33.8090    22.2844     6.8973  0.000e+00
      6.863  121.78268   25.21504    25.5168    33.8090    22.2845     6.9013  0.000e+00
      6.863  121.78268   25.21504    25.5167    33.8094    22.2848     6.9021  0.000e+00
      6.834  121.78268   25.21504    25.5170    33.8089    22.2844     6.9027  0.000e+00
      6.754  121.78268   25.21504    25.5170    33.8090    22.2845     6.9031  0.000e+00
      6.812  121.78268   25.21504    25.5170    33.8093    22.2847     6.9036  0.000e+00
      6.776  121.78268   25.21504    25.5172    33.8091    22.2845     6.9077  0.000e+00
      6.754  121.78268   25.21504    25.5171    33.8088    22.2843     6.9047  0.000e+00
      6.754  121.78268   25.21504    25.5168    33.8093    22.2848     6.9051  0.000e+00
      6.675  121.78268   25.21504    25.5170    33.8090    22.2844     6.9091  0.000e+00
      6.704  121.78268   25.21504    25.5172    33.8092    22.2846     6.9058  0.000e+00
      6.704  121.78268   25.21504    25.5170    33.8098    22.2851     6.9061  0.000e+00
      6.616  121.78268   25.21504    25.5177    33.8100    22.2850     6.9059  0.000e+00
      6.645  121.78268   25.21504    25.5183    33.8111    22.2857     6.9058  0.000e+00
      6.595  121.78268   25.21504    25.5193    33.8116    22.2857     6.9020  0.000e+00
      6.566  121.78268   25.21504    25.5200    33.8113    22.2853     6.9056  0.000e+00
      6.595  121.78268   25.21504    25.5202    33.8118    22.2856     6.9057  0.000e+00
      6.486  121.78268   25.21504    25.5202    33.8112    22.2851     6.9020  0.000e+00
      6.566  121.78268   25.21504    25.5182    33.8096    22.2845     6.9022  0.000e+00
      6.435  121.78268   25.21504    25.5145    33.8073    22.2840     6.9025  0.000e+00
      6.486  121.78268   25.21504    25.5132    33.8072    22.2842     6.9025  0.000e+00
      6.457  121.78268   25.21504    25.5130    33.8086    22.2854     6.8982  0.000e+00
      6.435  121.78268   25.21504    25.5141    33.8091    22.2854     6.8976  0.000e+00
      6.377  121.78268   25.21504    25.5149    33.8088    22.2849     6.8971  0.000e+00
      6.348  121.78268   25.21504    25.5148    33.8073    22.2838     6.8967  0.000e+00
      6.377  121.78268   25.21504    25.5127    33.8045    22.2823     6.8928  0.000e+00
      6.326  121.78268   25.21504    25.5089    33.8020    22.2816     6.8927  0.000e+00
      6.297  121.78268   25.21504    25.5057    33.7998    22.2809     6.8924  0.000e+00
      6.268  121.78268   25.21504    25.5014    33.7976    22.2806     6.8923  0.000e+00
      6.217  121.78268   25.21504    25.4978    33.7950    22.2797     6.8921  0.000e+00
      6.239  121.78268   25.21504    25.4934    33.7923    22.2791     6.8921  0.000e+00
      6.167  121.78268   25.21504    25.4892    33.7907    22.2791     6.8920  0.000e+00
      6.167  121.78268   25.21504    25.4869    33.7899    22.2792     6.8878  0.000e+00
      6.188  121.78268   25.21504    25.4855    33.7889    22.2789     6.8872  0.000e+00
      6.109  121.78268   25.21504    25.4846    33.7893    22.2795     6.8863  0.000e+00
      6.058  121.78268   25.21504    25.4834    33.7893    22.2798     6.8856  0.000e+00
      6.029  121.78268   25.21504    25.4826    33.7892    22.2800     6.8848  0.000e+00
      6.058  121.78268   25.21504    25.4821    33.7890    22.2800     6.8840  0.000e+00
      6.000  121.78268   25.21504    25.4811    33.7893    22.2805     6.8833  0.000e+00
      5.971  121.78268   25.21504    25.4810    33.7883    22.2798     6.8825  0.000e+00
      5.949  121.78268   25.21504    25.4803    33.7878    22.2797     6.8818  0.000e+00
      5.898  121.78268   25.21504    25.4797    33.7876    22.2797     6.8812  0.000e+00
      5.920  121.78268   25.21504    25.4796    33.7874    22.2795     6.8807  0.000e+00
      5.840  121.78268   25.21504    25.4796    33.7875    22.2796     6.8838  0.000e+00
      5.840  121.78268   25.21504    25.4790    33.7863    22.2789     6.8836  0.000e+00
      5.760  121.78268   25.21504    25.4781    33.7857    22.2787     6.8874  0.000e+00
      5.789  121.78268   25.21504    25.4779    33.7854    22.2785     6.8876  0.000e+00
      5.731  121.78268   25.21504    25.4777    33.7858    22.2789     6.8877  0.000e+00
      5.702  121.78268   25.21504    25.4776    33.7862    22.2792     6.8878  0.000e+00
      5.731  121.78268   25.21504    25.4774    33.7859    22.2790     6.8880  0.000e+00
      5.630  121.78268   25.21504    25.4773    33.7850    22.2785     6.8884  0.000e+00
      5.652  121.78268   25.21504    25.4772    33.7853    22.2787     6.8888  0.000e+00
      5.572  121.78268   25.21504    25.4770    33.7853    22.2788     6.8892  0.000e+00
      5.521  121.78268   25.21504    25.4769    33.7850    22.2785     6.8896  0.000e+00
      5.594  121.78268   25.21504    25.4769    33.7848    22.2784     6.8864  0.000e+00
      5.521  121.78268   25.21504    25.4772    33.7844    22.2780     6.8868  0.000e+00
      5.485  121.78268   25.21504    25.4771    33.7842    22.2779     6.8871  0.000e+00
      5.463  121.78268   25.21504    25.4769    33.7841    22.2779     6.8874  0.000e+00
      5.412  121.78268   25.21504    25.4770    33.7842    22.2779     6.8842  0.000e+00
      5.434  121.78268   25.21504    25.4769    33.7845    22.2782     6.8844  0.000e+00
      5.361  121.78268   25.21504    25.4774    33.7839    22.2776     6.8845  0.000e+00
      5.361  121.78268   25.21504    25.4773    33.7840    22.2776     6.8848  0.000e+00
      5.325  121.78268   25.21504    25.4771    33.7834    22.2773     6.8814  0.000e+00
      5.361  121.78268   25.21504    25.4769    33.7837    22.2775     6.8776  0.000e+00
      5.253  121.78268   25.21504    25.4770    33.7839    22.2777     6.8774  0.000e+00
      5.274  121.78268   25.21504    25.4774    33.7836    22.2773     6.8774  0.000e+00
      5.253  121.78268   25.21504    25.4778    33.7834    22.2770     6.8772  0.000e+00
      5.195  121.78268   25.21504    25.4784    33.7838    22.2772     6.8694  0.000e+00
      5.216  121.78268   25.21504    25.4785    33.7841    22.2774     6.8652  0.000e+00
      5.144  121.78268   25.21504    25.4787    33.7838    22.2770     6.8607  0.000e+00
      5.166  121.78268   25.21504    25.4790    33.7839    22.2771     6.8597  0.000e+00
      5.144  121.78268   25.21504    25.4794    33.7835    22.2766     6.8550  0.000e+00
      5.093  121.78268   25.21504    25.4794    33.7837    22.2768     6.8501  0.000e+00
      5.115  121.78268   25.21504    25.4797    33.7838    22.2768     6.8490  0.000e+00
      5.035  121.78266   25.21504    25.4797    33.7844    22.2772     6.8438  0.000e+00
      5.035  121.78266   25.21504    25.4802    33.7837    22.2765     6.8386  0.000e+00
      5.057  121.78266   25.21504    25.4803    33.7842    22.2768     6.8370  0.000e+00
      5.035  121.78266   25.21504    25.4810    33.7841    22.2766     6.8317  0.000e+00
      5.035  121.78266   25.21504    25.4818    33.7842    22.2764     6.8263  0.000e+00
      4.948  121.78266   25.21504    25.4824    33.7841    22.2762     6.8208  0.000e+00
      4.984  121.78266   25.21504    25.4830    33.7847    22.2764     6.8190  0.000e+00
      4.984  121.78266   25.21504    25.4835    33.7838    22.2756     6.8134  0.000e+00
