CTD/5-1.cnv
* Sea-Bird SBE 9 Data File:
* FileName = D:\ctddata\cr2381\5-1.hex
* Software Version Seasave V 7.20g
* Temperature SN = 6284
* Conductivity SN = 4751
* Number of Bytes Per Scan = 34
* Number of Voltage Words = 5
* Number of Scans Averaged by the Deck Unit = 1
* NMEA Latitude = 25 12.91 N
* NMEA Longitude = 121 46.99 E
* NMEA UTC (Time) = Oct 07 2019  03:06:03
** Ship: OR2
** Station: 5-1
** Operator: CR2381
# nquan = 8
# nvalues = 7111                                  
# units = specified
# name 0 = depSM: Depth [salt water, m]
# name 1 = longitude: Longitude [deg]
# name 2 = latitude: Latitude [deg]
# name 3 = t090C: Temperature [ITS-90, deg C]
# name 4 = sal00: Salinity, Practical [PSU]
# name 5 = sigma-é00: Density [sigma-theta, kg/m^3]
# name 6 = sbeox0Mg/L: Oxygen, SBE 43 [mg/l]
# name 7 = flag:  0.000e+00
# span 0 =      0.732,    100.501                 
# span 1 =  121.78266,  121.78332                 
# span 2 =   25.21504,   25.21526                 
# span 3 =    18.0707,    25.8804                 
# span 4 =    33.7443,    34.3234                 
# span 5 =    22.1530,    24.7392                 
# span 6 =     5.7128,     6.9435                 
# span 7 = 0.0000e+00, 0.0000e+00                 
# interval = seconds: 0.0416667
# start_time = Oct 07 2019 03:06:03 [NMEA time, header]
# bad_flag = -9.990e-29
*END*
[from data line 5933]
     31.484  121.78278   25.21506    24.2611    33.8205    22.6735     6.4280  0.000e+00
     31.484  121.78278   25.21506    24.2608    33.8205    22.6736     6.4281  0.000e+00
     31.375  121.78278   25.21506    24.2604    33.8207    22.6738     6.4281  0.000e+00
     31.484  121.78278   25.21506    24.2607    33.8208    22.6738     6.4286  0.000e+00
     31.331  121.78278   25.21506    24.2612    33.8207    22.6736     6.4289  0.000e+00
     31.317  121.78278   25.21506    24.2606    33.8203    22.6734     6.4294  0.000e+00
     31.266  121.78278   25.21506    24.2602    33.8205    22.6737     6.4297  0.000e+00
     31.266  121.78278   25.21506    24.2604    33.8209    22.6740     6.4302  0.000e+00
     31.172  121.78278   25.21506    24.2621    33.8215    22.6739     6.4303  0.000e+00
     31.215  121.78278   25.21506    24.2635    33.8206    22.6728     6.4307  0.000e+00
     31.106  121.78278   25.21506    24.2636    33.8203    22.6725     6.4347  0.000e+00
     31.048  121.78278   25.21506    24.2634    33.8203    22.6726     6.4354  0.000e+00
     31.063  121.78278   25.21506    24.2640    33.8207    22.6727     6.4360  0.000e+00
     31.048  121.78278   25.21506    24.2648    33.8204    22.6723     6.4367  0.000e+00
     30.997  121.78278   25.21506    24.2652    33.8203    22.6721     6.4374  0.000e+00
     30.889  121.78278   25.21506    24.2654    33.8203    22.6720     6.4381  0.000e+00
     30.939  121.78278   25.21506    24.2666    33.8215    22.6726     6.4389  0.000e+00
     30.845  121.78278   25.21506    24.2713    33.8220    22.6716     6.4389  0.000e+00
     30.780  121.78278   25.21506    24.2779    33.8247    22.6716     6.4384  0.000e+00
     30.780  121.78278   25.21506    24.2909    33.8282    22.6704     6.4373  0.000e+00
     30.729  121.78278   25.21506    24.3107    33.8328    22.6680     6.4353  0.000e+00
     30.729  121.78278   25.21506    24.3367    33.8315    22.6593     6.4329  0.000e+00
     30.577  121.78278   25.21506    24.3572    33.8278    22.6504     6.4311  0.000e+00
     30.569  121.78278   25.21506    24.3694    33.8246    22.6443     6.4303  0.000e+00
     30.569  121.78278   25.21506    24.3771    33.8219    22.6400     6.4300  0.000e+00
     30.460  121.78278   25.21506    24.3816    33.8209    22.6379     6.4299  0.000e+00
     30.475  121.78278   25.21506    24.3855    33.8206    22.6365     6.4300  0.000e+00
     30.402  121.78278   25.21506    24.3887    33.8205    22.6355     6.4298  0.000e+00
     30.352  121.78278   25.21506    24.3915    33.8209    22.6349     6.4338  0.000e+00
     30.243  121.78278   25.21506    24.3942    33.8207    22.6340     6.4301  0.000e+00
     30.243  121.78278   25.21506    24.3972    33.8217    22.6339     6.4300  0.000e+00
     30.206  121.78278   25.21506    24.4037    33.8221    22.6322     6.4295  0.000e+00
     30.134  121.78278   25.21506    24.4096    33.8223    22.6306     6.4290  0.000e+00
     30.134  121.78278   25.21506    24.4158    33.8227    22.6291     6.4283  0.000e+00
     30.025  121.78278   25.21506    24.4233    33.8233    22.6273     6.4274  0.000e+00
     29.974  121.78278   25.21506    24.4313    33.8227    22.6245     6.4265  0.000e+00
     29.938  121.78278   25.21506    24.4393    33.8227    22.6221     6.4255  0.000e+00
     29.923  121.78278   25.21506    24.4475    33.8219    22.6190     6.4208  0.000e+00
     29.815  121.78278   25.21506    24.4536    33.8209    22.6164     6.4198  0.000e+00
     29.815  121.78278   25.21506    24.4572    33.8202    22.6148     6.4192  0.000e+00
     29.756  121.78278   25.21506    24.4598    33.8199    22.6138     6.4186  0.000e+00
     29.669  121.78278   25.21506    24.4622    33.8190    22.6124     6.4180  0.000e+00
     29.655  121.78278   25.21506    24.4628    33.8189    22.6121     6.4177  0.000e+00
     29.597  121.78278   25.21506    24.4627    33.8189    22.6122     6.4174  0.000e+00
     29.546  121.78278   25.21506    24.4625    33.8190    22.6123     6.4169  0.000e+00
     29.488  121.78278   25.21506    24.4627    33.8188    22.6121     6.4166  0.000e+00
     29.437  121.78278   25.21506    24.4639    33.8193    22.6121     6.4161  0.000e+00
     29.343  121.78278   25.21506    24.4684    33.8195    22.6110     6.4151  0.000e+00
     29.386  121.78278   25.21506    24.4737    33.8197    22.6095     6.4142  0.000e+00
     29.328  121.78278   25.21506    24.4807    33.8197    22.6074     6.4131  0.000e+00
     29.219  121.78278   25.21506    24.4876    33.8200    22.6056     6.4120  0.000e+00
     29.169  121.78278   25.21506    24.4956    33.8206    22.6037     6.4147  0.000e+00
     29.183  121.78278   25.21506    24.5034    33.8203    22.6011     6.4099  0.000e+00
     29.169  121.78278   25.21506    24.5089    33.8200    22.5992     6.4129  0.000e+00
     29.060  121.78278   25.21506    24.5136    33.8198    22.5976     6.4122  0.000e+00
     29.060  121.78278   25.21506    24.5174    33.8198    22.5965     6.4117  0.000e+00
     29.009  121.78278   25.21506    24.5215    33.8198    22.5953     6.4112  0.000e+00
     28.951  121.78278   25.21506    24.5265    33.8198    22.5938     6.4143  0.000e+00
     28.915  121.78278   25.21506    24.5309    33.8211    22.5934     6.4139  0.000e+00
     28.900  121.78278   25.21506    24.5382    33.8217    22.5917     6.4172  0.000e+00
     28.842  121.78278   25.21506    24.5445    33.8207    22.5891     6.4171  0.000e+00
     28.842  121.78278   25.21506    24.5472    33.8208    22.5884     6.4212  0.000e+00
     28.791  121.78278   25.21506    24.5511    33.8217    22.5879     6.4214  0.000e+00
     28.741  121.78278   25.21506    24.5584    33.8228    22.5866     6.4251  0.000e+00
     28.697  121.78278   25.21506    24.5642    33.8221    22.5843     6.4253  0.000e+00
     28.682  121.78278   25.21506    24.5687    33.8224    22.5831     6.4295  0.000e+00
     28.683  121.78278   25.21506    24.5724    33.8231    22.5825     6.4301  0.000e+00
     28.632  121.78278   25.21506    24.5789    33.8239    22.5812     6.4342  0.000e+00
     28.574  121.78278   25.21506    24.5879    33.8260    22.5801     6.4303  0.000e+00
     28.632  121.78278   25.21506    24.5967    33.8264    22.5778     6.4380  0.000e+00
     28.537  121.78278   25.21506    24.6022    33.8262    22.5760     6.4424  0.000e+00
     28.523  121.78278   25.21506    24.6061    33.8259    22.5746     6.4434  0.000e+00
     28.523  121.78278   25.21506    24.6088    33.8262    22.5740     6.4483  0.000e+00
     28.472  121.78278   25.21506    24.6111    33.8257    22.5729     6.4495  0.000e+00
     28.472  121.78278   25.21506    24.6120    33.8263    22.5731     6.4546  0.000e+00
     28.472  121.78278   25.21506    24.6138    33.8269    22.5730     6.4559  0.000e+00
     28.429  121.78278   25.21506    24.6177    33.8269    22.5718     6.4569  0.000e+00
     28.414  121.78278   25.21506    24.6209    33.8272    22.5711     6.4581  0.000e+00
     28.414  121.78278   25.21506    24.6229    33.8280    22.5711     6.4630  0.000e+00
     28.363  121.78278   25.21506    24.6252    33.8275    22.5701     6.4641  0.000e+00
     28.363  121.78278   25.21506    24.6257    33.8272    22.5696     6.4653  0.000e+00
     28.414  121.78278   25.21506    24.6250    33.8266    22.5695     6.4705  0.000e+00
     28.320  121.78278   25.21506    24.6234    33.8264    22.5697     6.4719  0.000e+00
     28.363  121.78278   25.21506    24.6230    33.8269    22.5703     6.4770  0.000e+00
     28.305  121.78278   25.21506    24.6238    33.8268    22.5700     6.4781  0.000e+00
     28.305  121.78278   25.21506    24.6236    33.8276    22.5706     6.4831  0.000e+00
     28.305  121.78278   25.21506    24.6238    33.8274    22.5704     6.4841  0.000e+00
     28.305  121.78278   25.21506    24.6229    33.8275    22.5707     6.4851  0.000e+00
     28.269  121.78278   25.21506    24.6216    33.8271    22.5708     6.4898  0.000e+00
     28.305  121.78278   25.21506    24.6204    33.8274    22.5714     6.4908  0.000e+00
     28.254  121.78278   25.21506    24.6188    33.8285    22.5727     6.4954  0.000e+00
     28.254  121.78278   25.21506    24.6189    33.8301    22.5739     6.4960  0.000e+00
     28.254  121.78278   25.21506    24.6220    33.8303    22.5731     6.5001  0.000e+00
     28.254  121.78278   25.21506    24.6247    33.8295    22.5717     6.5004  0.000e+00
     28.269  121.78278   25.21506    24.6263    33.8288    22.5707     6.5045  0.000e+00
     28.254  121.78278   25.21506    24.6261    33.8283    22.5704     6.5089  0.000e+00
     28.254  121.78278   25.21506    24.6257    33.8279    22.5702     6.5133  0.000e+00
     28.254  121.78278   25.21506    24.6250    33.8285    22.5709     6.5140  0.000e+00
     28.204  121.78278   25.21506    24.6256    33.8306    22.5722     6.5180  0.000e+00
     28.254  121.78278   25.21506    24.6291    33.8310    22.5715     6.5218  0.000e+00
     28.204  121.78278   25.21506    24.6316    33.8312    22.5709     6.5221  0.000e+00
     28.218  121.78278   25.21506    24.6330    33.8310    22.5704     6.5260  0.000e+00
     28.204  121.78278   25.21506    24.6338    33.8306    22.5698     6.5263  0.000e+00
     28.204  121.78278   25.21506    24.6339    33.8305    22.5697     6.5265  0.000e+00
     28.204  121.78278   25.21506    24.6343    33.8301    22.5693     6.5303  0.000e+00
     28.204  121.78278   25.21506    24.6345    33.8303    22.5694     6.5341  0.000e+00
     28.146  121.78278   25.21506    24.6348    33.8306    22.5695     6.5342  0.000e+00
     28.109  121.78278   25.21506    24.6354    33.8303    22.5691     6.5341  0.000e+00
     28.255  121.78278   25.21506    24.6354    33.8307    22.5694     6.5342  0.000e+00
     28.146  121.78278   25.21506    24.6355    33.8310    22.5696     6.5377  0.000e+00
     28.095  121.78278   25.21506    24.6363    33.8309    22.5693     6.5376  0.000e+00
     28.095  121.78278   25.21506    24.6368    33.8311    22.5693     6.5412  0.000e+00
     28.146  121.78278   25.21506    24.6368    33.8309    22.5691     6.5413  0.000e+00
     28.109  121.78278   25.21506    24.6366    33.8308    22.5691     6.5449  0.000e+00
     28.037  121.78278   25.21506    24.6364    33.8309    22.5692     6.5449  0.000e+00
     28.095  121.78278   25.21506    24.6363    33.8314    22.5697     6.5448  0.000e+00
     28.037  121.78278   25.21506    24.6382    33.8330    22.5703     6.5482  0.000e+00
     28.037  121.78278   25.21506    24.6414    33.8329    22.5692     6.5474  0.000e+00
     28.037  121.78278   25.21506    24.6432    33.8325    22.5684     6.5471  0.000e+00
     27.986  121.78278   25.21506    24.6434    33.8325    22.5684     6.5508  0.000e+00
     28.001  121.78278   25.21506    24.6431    33.8323    22.5683     6.5507  0.000e+00
     27.935  121.78278   25.21506    24.6430    33.8323    22.5683     6.5545  0.000e+00
     27.986  121.78278   25.21506    24.6416    33.8318    22.5684     6.5547  0.000e+00
     27.877  121.78278   25.21506    24.6400    33.8314    22.5686     6.5548  0.000e+00
     27.877  121.78278   25.21506    24.6389    33.8323    22.5695     6.5547  0.000e+00
     27.877  121.78278   25.21506    24.6384    33.8319    22.5694     6.5582  0.000e+00
     27.826  121.78278   25.21506    24.6379    33.8325    22.5700     6.5616  0.000e+00
     27.841  121.78278   25.21506    24.6398    33.8337    22.5704     6.5651  0.000e+00
     27.826  121.78278   25.21506    24.6438    33.8346    22.5698     6.5606  0.000e+00
     27.768  121.78278   25.21506    24.6459    33.8351    22.5696     6.5597  0.000e+00
     27.717  121.78278   25.21506    24.6462    33.8343    22.5689     6.5630  0.000e+00
     27.717  121.78278   25.21506    24.6468    33.8353    22.5694     6.5662  0.000e+00
     27.717  121.78278   25.21506    24.6489    33.8356    22.5690     6.5695  0.000e+00
     27.681  121.78278   25.21506    24.6500    33.8353    22.5685     6.5691  0.000e+00
     27.659  121.78278   25.21506    24.6509    33.8356    22.5684     6.5687  0.000e+00
     27.558  121.78278   25.21506    24.6523    33.8354    22.5679     6.5719  0.000e+00
     27.609  121.78278   25.21506    24.6532    33.8346    22.5669     6.5714  0.000e+00
     27.558  121.78278   25.21506    24.6523    33.8343    22.5670     6.5749  0.000e+00
     27.500  121.78278   25.21506    24.6519    33.8345    22.5673     6.5745  0.000e+00
     27.500  121.78278   25.21506    24.6521    33.8351    22.5676     6.5740  0.000e+00
     27.304  121.78278   25.21506    24.6529    33.8359    22.5680     6.5731  0.000e+00
     27.449  121.78278   25.21506    24.6539    33.8366    22.5683     6.5687  0.000e+00
     27.340  121.78278   25.21506    24.6553    33.8364    22.5677     6.5713  0.000e+00
     27.340  121.78278   25.21506    24.6560    33.8358    22.5671     6.5667  0.000e+00
     27.289  121.78278   25.21506    24.6566    33.8356    22.5667     6.5657  0.000e+00
     27.231  121.78278   25.21506    24.6568    33.8358    22.5668     6.5686  0.000e+00
     27.231  121.78278   25.21506    24.6579    33.8360    22.5666     6.5677  0.000e+00
     27.122  121.78278   25.21506    24.6582    33.8361    22.5666     6.5668  0.000e+00
     27.144  121.78278   25.21506    24.6586    33.8359    22.5663     6.5700  0.000e+00
     27.072  121.78278   25.21506    24.6586    33.8358    22.5663     6.5694  0.000e+00
     27.122  121.78278   25.21506    24.6586    33.8352    22.5658     6.5728  0.000e+00
     26.963  121.78278   25.21506    24.6584    33.8355    22.5661     6.5723  0.000e+00
     27.021  121.78278   25.21506    24.6584    33.8355    22.5661     6.5718  0.000e+00
     26.912  121.78278   25.21506    24.6589    33.8359    22.5662     6.5711  0.000e+00
     26.912  121.78278   25.21506    24.6595    33.8356    22.5659     6.5706  0.000e+00
     26.818  121.78278   25.21506    24.6602    33.8357    22.5657     6.5737  0.000e+00
     26.854  121.78278   25.21506    24.6609    33.8360    22.5657     6.5732  0.000e+00
     26.752  121.78278   25.21506    24.6623    33.8357    22.5651     6.5723  0.000e+00
     26.752  121.78276   25.21506    24.6636    33.8354    22.5645     6.5716  0.000e+00
     26.694  121.78276   25.21506    24.6648    33.8355    22.5641     6.5707  0.000e+00
     26.694  121.78276   25.21506    24.6655    33.8354    22.5639     6.5700  0.000e+00
     26.585  121.78276   25.21506    24.6664    33.8351    22.5634     6.5729  0.000e+00
     26.643  121.78276   25.21506    24.6671    33.8350    22.5631     6.5686  0.000e+00
     26.549  121.78276   25.21506    24.6675    33.8355    22.5633     6.5677  0.000e+00
     26.477  121.78276   25.21506    24.6681    33.8354    22.5630     6.5667  0.000e+00
     26.535  121.78276   25.21506    24.6684    33.8353    22.5629     6.5660  0.000e+00
     26.426  121.78276   25.21506    24.6684    33.8353    22.5629     6.5650  0.000e+00
     26.426  121.78276   25.21506    24.6688    33.8350    22.5625     6.5640  0.000e+00
     26.375  121.78276   25.21506    24.6687    33.8353    22.5628     6.5630  0.000e+00
     26.375  121.78276   25.21506    24.6689    33.8353    22.5627     6.5620  0.000e+00
     26.317  121.78276   25.21506    24.6693    33.8357    22.5629     6.5611  0.000e+00
     26.266  121.78276   25.21506    24.6696    33.8356    22.5627     6.5601  0.000e+00
     26.230  121.78276   25.21506    24.6695    33.8358    22.5629     6.5590  0.000e+00
     26.266  121.78276   25.21506    24.6693    33.8360    22.5631     6.5579  0.000e+00
     26.208  121.78276   25.21506    24.6701    33.8363    22.5631     6.5568  0.000e+00
     26.157  121.78276   25.21506    24.6707    33.8367    22.5632     6.5596  0.000e+00
     26.157  121.78276   25.21506    24.6714    33.8370    22.5632     6.5591  0.000e+00
     26.106  121.78276   25.21506    24.6731    33.8373    22.5630     6.5581  0.000e+00
     26.106  121.78276   25.21506    24.6745    33.8376    22.5628     6.5570  0.000e+00
