CTD/6-1.cnv
* Sea-Bird SBE 9 Data File:
* FileName = D:\ctddata\cr2381\6-1.hex
* Software Version Seasave V 7.20g
* Temperature SN = 6284
* Conductivity SN = 4751
* Number of Bytes Per Scan = 34
* Number of Voltage Words = 5
* Number of Scans Averaged by the Deck Unit = 1
* NMEA Latitude = 25 12.52 N
* NMEA Longitude = 121 46.42 E
* NMEA UTC (Time) = Oct 07 2019  03:18:46
** Ship: OR2
** Station: 6-1
** Operator: CR2381
# nquan = 8
# nvalues = 6437                                  
# units = specified
# name 0 = depSM: Depth [salt water, m]
# name 1 = longitude: Longitude [deg]
# name 2 = latitude: Latitude [deg]
# name 3 = t090C: Temperature [ITS-90, deg C]
# name 4 = sal00: Salinity, Practical [PSU]
# name 5 = sigma-é00: Density [sigma-theta, kg/m^3]
# name 6 = sbeox0Mg/L: Oxygen, SBE 43 [mg/l]
# name 7 = flag:  0.000e+00
# span 0 =      2.224,     91.555                 
# span 1 =  121.77318,  121.77370                 
# span 2 =   25.20790,   25.20882                 
# span 3 =    18.2938,    25.8744                 
# span 4 =    33.7306,    34.3021                 
# span 5 =    22.1351,    24.6658                 
# span 6 =     5.7087,     6.9509                 
# span 7 = 0.0000e+00, 0.0000e+00                 
# interval = seconds: 0.0416667
# start_time = Oct 07 2019 03:18:46 [NMEA time, header]
# bad_flag = -9.990e-29
*END*
[from data line 3416]
     78.068  121.77344   25.20832    18.3294    34.2902    24.6505     5.7305  0.000e+00
     78.177  121.77344   25.20832    18.3380    34.2901    24.6483     5.7293  0.000e+00
     78.105  121.77344   25.20832    18.3447    34.2882    24.6452     5.7238  0.000e+00
     78.068  121.77344   25.20832    18.3454    34.2873    24.6443     5.7279  0.000e+00
     78.017  121.77344   25.20832    18.3438    34.2880    24.6453     5.7281  0.000e+00
     78.017  121.77344   25.20832    18.3442    34.2883    24.6454     5.7281  0.000e+00
     78.047  121.77344   25.20832    18.3457    34.2873    24.6443     5.7284  0.000e+00
     78.068  121.77344   25.20832    18.3507    34.2854    24.6415     5.7237  0.000e+00
     77.959  121.77344   25.20832    18.3540    34.2853    24.6406     5.7322  0.000e+00
     77.996  121.77344   25.20832    18.3569    34.2855    24.6401     5.7280  0.000e+00
     77.909  121.77344   25.20832    18.3581    34.2852    24.6396     5.7284  0.000e+00
     77.909  121.77344   25.20832    18.3577    34.2850    24.6395     5.7290  0.000e+00
     77.959  121.77344   25.20832    18.3582    34.2847    24.6392     5.7292  0.000e+00
     77.887  121.77344   25.20832    18.3591    34.2852    24.6393     5.7293  0.000e+00
     77.909  121.77344   25.20832    18.3607    34.2856    24.6392     5.7341  0.000e+00
     77.800  121.77344   25.20832    18.3633    34.2846    24.6378     5.7300  0.000e+00
     77.800  121.77344   25.20832    18.3639    34.2838    24.6370     5.7354  0.000e+00
     77.836  121.77344   25.20832    18.3626    34.2845    24.6379     5.7321  0.000e+00
     77.960  121.77344   25.20832    18.3618    34.2845    24.6381     5.7371  0.000e+00
     77.691  121.77344   25.20832    18.3629    34.2853    24.6384     5.7330  0.000e+00
     77.262  121.77344   25.20832    18.3658    34.2845    24.6371     5.7328  0.000e+00
     77.945  121.77344   25.20832    18.3657    34.2845    24.6371     5.7337  0.000e+00
     77.749  121.77344   25.20832    18.3653    34.2850    24.6376     5.7299  0.000e+00
     77.691  121.77344   25.20832    18.3658    34.2854    24.6378     5.7387  0.000e+00
     77.509  121.77344   25.20832    18.3669    34.2853    24.6375     5.7392  0.000e+00
     77.749  121.77344   25.20832    18.3672    34.2847    24.6369     5.7354  0.000e+00
     77.589  121.77344   25.20832    18.3670    34.2845    24.6368     5.7357  0.000e+00
     77.313  121.77344   25.20832    18.3674    34.2844    24.6366     5.7403  0.000e+00
     77.568  121.77344   25.20832    18.3672    34.2836    24.6361     5.7414  0.000e+00
     77.531  121.77344   25.20832    18.3655    34.2832    24.6362     5.7376  0.000e+00
     77.263  121.77344   25.20832    18.3636    34.2839    24.6372     5.7424  0.000e+00
     77.371  121.77344   25.20832    18.3638    34.2843    24.6375     5.7433  0.000e+00
     77.459  121.77344   25.20832    18.3684    34.2848    24.6367     5.7392  0.000e+00
     77.263  121.77344   25.20832    18.3726    34.2848    24.6356     5.7431  0.000e+00
     77.212  121.77344   25.20832    18.3779    34.2869    24.6360     5.7381  0.000e+00
     77.313  121.77344   25.20832    18.3892    34.2883    24.6342     5.7366  0.000e+00
     77.190  121.77344   25.20832    18.4004    34.2833    24.6276     5.7395  0.000e+00
     77.103  121.77344   25.20832    18.4011    34.2801    24.6249     5.7351  0.000e+00
     77.103  121.77344   25.20832    18.3992    34.2796    24.6250     5.7394  0.000e+00
     77.154  121.77344   25.20832    18.3975    34.2792    24.6252     5.7396  0.000e+00
     77.030  121.77344   25.20832    18.3950    34.2791    24.6257     5.7357  0.000e+00
     76.994  121.77344   25.20832    18.3928    34.2791    24.6263     5.7399  0.000e+00
     77.045  121.77344   25.20832    18.3900    34.2796    24.6273     5.7401  0.000e+00
     76.994  121.77344   25.20832    18.3876    34.2816    24.6294     5.7358  0.000e+00
     76.863  121.77344   25.20832    18.3892    34.2845    24.6312     5.7349  0.000e+00
     76.885  121.77344   25.20832    18.3940    34.2844    24.6300     5.7383  0.000e+00
     76.834  121.77344   25.20832    18.3959    34.2812    24.6271     5.7380  0.000e+00
     76.776  121.77344   25.20832    18.3933    34.2800    24.6268     5.7381  0.000e+00
     76.762  121.77344   25.20832    18.3899    34.2802    24.6278     5.7382  0.000e+00
     76.725  121.77344   25.20832    18.3867    34.2805    24.6288     5.7342  0.000e+00
     76.725  121.77344   25.20832    18.3847    34.2814    24.6300     5.7386  0.000e+00
     76.675  121.77344   25.20832    18.3855    34.2841    24.6319     5.7381  0.000e+00
     76.595  121.77344   25.20832    18.3885    34.2799    24.6279     5.7423  0.000e+00
     76.566  121.77344   25.20832    18.3834    34.2788    24.6283     5.7389  0.000e+00
     76.616  121.77344   25.20832    18.3799    34.2797    24.6299     5.7437  0.000e+00
     76.508  121.77344   25.20832    18.3756    34.2802    24.6313     5.7444  0.000e+00
     76.457  121.77344   25.20832    18.3742    34.2841    24.6347     5.7443  0.000e+00
     76.435  121.77344   25.20832    18.3885    34.2828    24.6301     5.7478  0.000e+00
     76.457  121.77344   25.20832    18.3915    34.2792    24.6266     5.7438  0.000e+00
     76.348  121.77344   25.20832    18.3849    34.2792    24.6283     5.7402  0.000e+00
     76.348  121.77344   25.20832    18.3808    34.2817    24.6312     5.7448  0.000e+00
     76.326  121.77344   25.20832    18.3933    34.2855    24.6310     5.7479  0.000e+00
     76.297  121.77344   25.20832    18.4183    34.2849    24.6243     5.7412  0.000e+00
     76.239  121.77344   25.20832    18.4344    34.2819    24.6180     5.7444  0.000e+00
     76.239  121.77344   25.20832    18.4406    34.2817    24.6163     5.7441  0.000e+00
     76.166  121.77344   25.20832    18.4558    34.2801    24.6113     5.7432  0.000e+00
     76.130  121.77344   25.20832    18.4660    34.2688    24.6001     5.7427  0.000e+00
     76.188  121.77344   25.20832    18.4550    34.2685    24.6026     5.7446  0.000e+00
     76.079  121.77344   25.20832    18.4445    34.2719    24.6079     5.7458  0.000e+00
     76.079  121.77344   25.20832    18.4368    34.2796    24.6157     5.7510  0.000e+00
     76.057  121.77344   25.20832    18.4500    34.2828    24.6148     5.7500  0.000e+00
     76.028  121.77344   25.20832    18.4680    34.2809    24.6088     5.7437  0.000e+00
     76.028  121.77344   25.20832    18.4812    34.2779    24.6033     5.7428  0.000e+00
     75.970  121.77344   25.20832    18.4912    34.2755    24.5989     5.7465  0.000e+00
     75.898  121.77344   25.20832    18.4970    34.2733    24.5958     5.7462  0.000e+00
     75.970  121.77344   25.20832    18.5008    34.2720    24.5938     5.7462  0.000e+00
     75.861  121.77344   25.20832    18.5032    34.2707    24.5923     5.7464  0.000e+00
     75.920  121.77344   25.20832    18.5036    34.2711    24.5925     5.7469  0.000e+00
     75.861  121.77344   25.20832    18.5044    34.2707    24.5920     5.7469  0.000e+00
     75.789  121.77344   25.20832    18.5054    34.2707    24.5917     5.7472  0.000e+00
     75.811  121.77344   25.20832    18.5058    34.2704    24.5914     5.7475  0.000e+00
     75.811  121.77344   25.20832    18.5065    34.2705    24.5913     5.7474  0.000e+00
     75.753  121.77344   25.20832    18.5085    34.2713    24.5914     5.7474  0.000e+00
     75.738  121.77344   25.20832    18.5144    34.2738    24.5918     5.7509  0.000e+00
     75.702  121.77344   25.20832    18.5281    34.2726    24.5875     5.7496  0.000e+00
     75.702  121.77344   25.20832    18.5365    34.2700    24.5834     5.7492  0.000e+00
     75.702  121.77344   25.20832    18.5364    34.2689    24.5826     5.7492  0.000e+00
     75.651  121.77344   25.20832    18.5350    34.2696    24.5835     5.7496  0.000e+00
     75.629  121.77344   25.20832    18.5372    34.2712    24.5841     5.7496  0.000e+00
     75.651  121.77344   25.20832    18.5457    34.2695    24.5808     5.7485  0.000e+00
     75.542  121.77344   25.20832    18.5503    34.2677    24.5782     5.7481  0.000e+00
     75.593  121.77344   25.20832    18.5541    34.2671    24.5768     5.7478  0.000e+00
     75.578  121.77344   25.20832    18.5572    34.2664    24.5755     5.7471  0.000e+00
     75.484  121.77344   25.20832    18.5586    34.2659    24.5748     5.7465  0.000e+00
     75.542  121.77344   25.20832    18.5598    34.2656    24.5742     5.7463  0.000e+00
     75.542  121.77344   25.20832    18.5603    34.2656    24.5741     5.7460  0.000e+00
     75.484  121.77344   25.20832    18.5608    34.2658    24.5741     5.7413  0.000e+00
     75.411  121.77344   25.20832    18.5615    34.2656    24.5738     5.7449  0.000e+00
     75.433  121.77344   25.20832    18.5618    34.2654    24.5736     5.7398  0.000e+00
     75.433  121.77344   25.20832    18.5623    34.2655    24.5735     5.7390  0.000e+00
     75.324  121.77344   25.20832    18.5634    34.2656    24.5733     5.7380  0.000e+00
     75.433  121.77344   25.20832    18.5642    34.2660    24.5734     5.7375  0.000e+00
     75.361  121.77344   25.20832    18.5642    34.2660    24.5734     5.7410  0.000e+00
     75.324  121.77344   25.20832    18.5642    34.2655    24.5731     5.7407  0.000e+00
     75.324  121.77344   25.20832    18.5641    34.2657    24.5733     5.7405  0.000e+00
     75.274  121.77344   25.20832    18.5646    34.2658    24.5732     5.7401  0.000e+00
     75.310  121.77344   25.20832    18.5637    34.2648    24.5726     5.7402  0.000e+00
     75.274  121.77342   25.20832    18.5601    34.2652    24.5738     5.7402  0.000e+00
     75.216  121.77342   25.20832    18.5579    34.2661    24.5751     5.7396  0.000e+00
     75.165  121.77342   25.20832    18.5569    34.2662    24.5754     5.7392  0.000e+00
     75.216  121.77342   25.20832    18.5567    34.2667    24.5758     5.7390  0.000e+00
     75.201  121.77342   25.20832    18.5563    34.2664    24.5757     5.7385  0.000e+00
     75.165  121.77342   25.20832    18.5557    34.2667    24.5761     5.7383  0.000e+00
     75.107  121.77342   25.20832    18.5567    34.2669    24.5760     5.7335  0.000e+00
     75.056  121.77342   25.20832    18.5575    34.2675    24.5762     5.7371  0.000e+00
     75.107  121.77342   25.20832    18.5586    34.2672    24.5757     5.7367  0.000e+00
     75.034  121.77342   25.20832    18.5596    34.2671    24.5754     5.7362  0.000e+00
     75.056  121.77342   25.20832    18.5596    34.2680    24.5761     5.7358  0.000e+00
     75.056  121.77342   25.20832    18.5598    34.2679    24.5759     5.7358  0.000e+00
     74.947  121.77342   25.20832    18.5611    34.2673    24.5751     5.7355  0.000e+00
     74.947  121.77342   25.20832    18.5620    34.2673    24.5749     5.7350  0.000e+00
     74.932  121.77342   25.20832    18.5644    34.2679    24.5748     5.7342  0.000e+00
     74.947  121.77342   25.20832    18.5687    34.2665    24.5727     5.7381  0.000e+00
     74.896  121.77342   25.20832    18.5692    34.2669    24.5729     5.7382  0.000e+00
     74.896  121.77342   25.20832    18.5713    34.2674    24.5727     5.7381  0.000e+00
     74.787  121.77342   25.20832    18.5744    34.2659    24.5707     5.7379  0.000e+00
     74.715  121.77342   25.20832    18.5746    34.2657    24.5706     5.7379  0.000e+00
     74.896  121.77342   25.20832    18.5749    34.2666    24.5712     5.7380  0.000e+00
     74.787  121.77342   25.20832    18.5818    34.2661    24.5690     5.7373  0.000e+00
     74.678  121.77342   25.20832    18.5876    34.2656    24.5672     5.7410  0.000e+00
     74.678  121.77342   25.20832    18.5920    34.2687    24.5685     5.7363  0.000e+00
     74.766  121.77342   25.20830    18.6026    34.2677    24.5651     5.7396  0.000e+00
     74.628  121.77342   25.20830    18.6048    34.2651    24.5625     5.7355  0.000e+00
     74.628  121.77342   25.20830    18.6061    34.2600    24.5583     5.7402  0.000e+00
     74.678  121.77342   25.20830    18.6016    34.2592    24.5589     5.7413  0.000e+00
     74.570  121.77342   25.20830    18.5947    34.2609    24.5619     5.7425  0.000e+00
     74.497  121.77342   25.20830    18.5914    34.2615    24.5631     5.7432  0.000e+00
     74.570  121.77342   25.20830    18.5880    34.2624    24.5647     5.7441  0.000e+00
     74.410  121.77342   25.20830    18.5847    34.2642    24.5669     5.7447  0.000e+00
     74.519  121.77342   25.20830    18.5871    34.2685    24.5695     5.7448  0.000e+00
     74.519  121.77342   25.20830    18.6011    34.2678    24.5655     5.7437  0.000e+00
     74.359  121.77342   25.20830    18.6047    34.2710    24.5670     5.7478  0.000e+00
     74.286  121.77342   25.20830    18.6123    34.2714    24.5655     5.7432  0.000e+00
     74.461  121.77342   25.20830    18.6262    34.2704    24.5612     5.7421  0.000e+00
     74.301  121.77342   25.20830    18.6438    34.2645    24.5523     5.7405  0.000e+00
     74.301  121.77342   25.20830    18.6555    34.2621    24.5475     5.7392  0.000e+00
     74.359  121.77342   25.20830    18.6656    34.2589    24.5426     5.7384  0.000e+00
     74.228  121.77342   25.20830    18.6700    34.2616    24.5435     5.7376  0.000e+00
     74.250  121.77342   25.20830    18.6829    34.2662    24.5438     5.7402  0.000e+00
     74.192  121.77342   25.20830    18.7057    34.2644    24.5367     5.7378  0.000e+00
     74.192  121.77342   25.20830    18.7260    34.2560    24.5251     5.7358  0.000e+00
     74.090  121.77342   25.20830    18.7296    34.2510    24.5204     5.7358  0.000e+00
     74.178  121.77342   25.20830    18.7280    34.2496    24.5197     5.7363  0.000e+00
     74.141  121.77342   25.20830    18.7270    34.2493    24.5198     5.7322  0.000e+00
     74.032  121.77342   25.20830    18.7253    34.2505    24.5211     5.7365  0.000e+00
     74.032  121.77342   25.20830    18.7262    34.2505    24.5209     5.7366  0.000e+00
     73.982  121.77342   25.20830    18.7275    34.2499    24.5201     5.7365  0.000e+00
     74.032  121.77342   25.20830    18.7262    34.2504    24.5208     5.7367  0.000e+00
     74.018  121.77342   25.20830    18.7253    34.2505    24.5211     5.7411  0.000e+00
     73.982  121.77342   25.20830    18.7277    34.2510    24.5209     5.7411  0.000e+00
     73.873  121.77342   25.20830    18.7294    34.2511    24.5205     5.7411  0.000e+00
     73.924  121.77342   25.20830    18.7303    34.2513    24.5205     5.7412  0.000e+00
     73.873  121.77342   25.20830    18.7334    34.2510    24.5195     5.7406  0.000e+00
     73.851  121.77342   25.20830    18.7353    34.2508    24.5188     5.7448  0.000e+00
     73.873  121.77342   25.20830    18.7361    34.2506    24.5185     5.7450  0.000e+00
     73.815  121.77342   25.20830    18.7373    34.2500    24.5177     5.7451  0.000e+00
     73.815  121.77342   25.20830    18.7375    34.2499    24.5176     5.7453  0.000e+00
     73.713  121.77342   25.20830    18.7375    34.2506    24.5181     5.7453  0.000e+00
     73.713  121.77342   25.20830    18.7401    34.2502    24.5172     5.7450  0.000e+00
     73.749  121.77342   25.20830    18.7418    34.2503    24.5168     5.7448  0.000e+00
     73.764  121.77342   25.20830    18.7428    34.2507    24.5168     5.7490  0.000e+00
     73.655  121.77342   25.20830    18.7448    34.2500    24.5158     5.7448  0.000e+00
     73.655  121.77342   25.20830    18.7457    34.2493    24.5151     5.7492  0.000e+00
     73.604  121.77342   25.20830    18.7456    34.2505    24.5160     5.7495  0.000e+00
     73.604  121.77342   25.20830    18.7477    34.2502    24.5153     5.7496  0.000e+00
     73.582  121.77342   25.20830    18.7494    34.2495    24.5143     5.7496  0.000e+00
     73.655  121.77342   25.20830    18.7496    34.2494    24.5141     5.7498  0.000e+00
     73.495  121.77342   25.20830    18.7501    34.2493    24.5139     5.7541  0.000e+00
     73.495  121.77342   25.20830    18.7499    34.2497    24.5143     5.7548  0.000e+00
