CTD/6-1.cnv
* Sea-Bird SBE 9 Data File:
* FileName = D:\ctddata\cr2381\6-1.hex
* Software Version Seasave V 7.20g
* Temperature SN = 6284
* Conductivity SN = 4751
* Number of Bytes Per Scan = 34
* Number of Voltage Words = 5
* Number of Scans Averaged by the Deck Unit = 1
* NMEA Latitude = 25 12.52 N
* NMEA Longitude = 121 46.42 E
* NMEA UTC (Time) = Oct 07 2019  03:18:46
** Ship: OR2
** Station: 6-1
** Operator: CR2381
# nquan = 8
# nvalues = 6437                                  
# units = specified
# name 0 = depSM: Depth [salt water, m]
# name 1 = longitude: Longitude [deg]
# name 2 = latitude: Latitude [deg]
# name 3 = t090C: Temperature [ITS-90, deg C]
# name 4 = sal00: Salinity, Practical [PSU]
# name 5 = sigma-é00: Density [sigma-theta, kg/m^3]
# name 6 = sbeox0Mg/L: Oxygen, SBE 43 [mg/l]
# name 7 = flag:  0.000e+00
# span 0 =      2.224,     91.555                 
# span 1 =  121.77318,  121.77370                 
# span 2 =   25.20790,   25.20882                 
# span 3 =    18.2938,    25.8744                 
# span 4 =    33.7306,    34.3021                 
# span 5 =    22.1351,    24.6658                 
# span 6 =     5.7087,     6.9509                 
# span 7 = 0.0000e+00, 0.0000e+00                 
# interval = seconds: 0.0416667
# start_time = Oct 07 2019 03:18:46 [NMEA time, header]
# bad_flag = -9.990e-29
*END*
[from data line 3956]
     63.912  121.77340   25.20826    20.3181    34.1128    24.0045     5.8970  0.000e+00
     63.803  121.77340   25.20826    20.3179    34.1131    24.0047     5.8966  0.000e+00
     63.752  121.77340   25.20826    20.3183    34.1137    24.0051     5.8963  0.000e+00
     63.752  121.77340   25.20826    20.3242    34.1201    24.0084     5.8951  0.000e+00
     63.708  121.77340   25.20826    20.3502    34.1172    23.9993     5.8923  0.000e+00
     63.701  121.77340   25.20826    20.3631    34.1160    23.9950     5.8908  0.000e+00
     63.643  121.77340   25.20826    20.3768    34.1106    23.9872     5.8892  0.000e+00
     63.592  121.77340   25.20826    20.3909    34.1150    23.9868     5.8914  0.000e+00
     63.592  121.77340   25.20826    20.4274    34.1194    23.9805     5.8829  0.000e+00
     63.483  121.77340   25.20826    20.4677    34.1157    23.9669     5.8784  0.000e+00
     63.534  121.77340   25.20826    20.4991    34.1087    23.9532     5.8750  0.000e+00
     63.433  121.77340   25.20826    20.5254    34.1039    23.9425     5.8761  0.000e+00
     63.433  121.77340   25.20826    20.5482    34.0996    23.9332     5.8736  0.000e+00
     63.375  121.77340   25.20826    20.5628    34.0955    23.9262     5.8719  0.000e+00
     63.375  121.77340   25.20826    20.5748    34.0909    23.9195     5.8708  0.000e+00
     63.266  121.77340   25.20826    20.5821    34.0902    23.9170     5.8699  0.000e+00
     63.215  121.77340   25.20826    20.5913    34.0907    23.9149     5.8726  0.000e+00
     63.266  121.77340   25.20826    20.6019    34.0908    23.9122     5.8715  0.000e+00
     63.164  121.77340   25.20826    20.6165    34.0890    23.9069     5.8699  0.000e+00
     63.164  121.77340   25.20826    20.6270    34.0851    23.9012     5.8691  0.000e+00
     63.164  121.77340   25.20826    20.6303    34.0830    23.8986     5.8689  0.000e+00
     62.997  121.77340   25.20826    20.6322    34.0843    23.8991     5.8685  0.000e+00
     63.113  121.77340   25.20826    20.6378    34.0850    23.8982     5.8722  0.000e+00
     62.997  121.77340   25.20826    20.6442    34.0843    23.8959     5.8674  0.000e+00
     63.055  121.77340   25.20826    20.6515    34.0831    23.8931     5.8707  0.000e+00
     62.888  121.77340   25.20826    20.6578    34.0827    23.8910     5.8699  0.000e+00
     62.946  121.77340   25.20826    20.6617    34.0821    23.8895     5.8740  0.000e+00
     62.888  121.77340   25.20826    20.6667    34.0819    23.8880     5.8738  0.000e+00
     62.837  121.77340   25.20826    20.6738    34.0825    23.8866     5.8734  0.000e+00
     62.786  121.77340   25.20826    20.6798    34.0805    23.8835     5.8772  0.000e+00
     62.728  121.77340   25.20826    20.6835    34.0811    23.8829     5.8772  0.000e+00
     62.786  121.77340   25.20826    20.6911    34.0803    23.8803     5.8768  0.000e+00
     62.728  121.77340   25.20826    20.6963    34.0791    23.8780     5.8765  0.000e+00
     62.728  121.77340   25.20826    20.6970    34.0776    23.8767     5.8809  0.000e+00
     62.619  121.77340   25.20826    20.6976    34.0780    23.8768     5.8811  0.000e+00
     62.619  121.77340   25.20826    20.7016    34.0771    23.8751     5.8809  0.000e+00
     62.576  121.77340   25.20826    20.7037    34.0776    23.8749     5.8850  0.000e+00
     62.569  121.77340   25.20826    20.7078    34.0788    23.8747     5.8848  0.000e+00
     62.569  121.77340   25.20826    20.7155    34.0793    23.8730     5.8844  0.000e+00
     62.460  121.77340   25.20826    20.7281    34.0825    23.8720     5.8833  0.000e+00
     62.518  121.77340   25.20826    20.7508    34.0831    23.8664     5.8811  0.000e+00
     62.409  121.77340   25.20826    20.7704    34.0838    23.8617     5.8790  0.000e+00
     62.460  121.77340   25.20826    20.7838    34.0841    23.8583     5.8780  0.000e+00
     62.409  121.77340   25.20826    20.8161    34.0878    23.8524     5.8746  0.000e+00
     62.351  121.77340   25.20826    20.8693    34.0803    23.8324     5.8692  0.000e+00
     62.351  121.77340   25.20826    20.9021    34.0716    23.8169     5.8702  0.000e+00
     62.300  121.77340   25.20826    20.9363    34.0703    23.8067     5.8667  0.000e+00
     62.300  121.77338   25.20826    20.9822    34.0680    23.7926     5.8620  0.000e+00
     62.256  121.77338   25.20826    21.0386    34.0668    23.7764     5.8560  0.000e+00
     62.249  121.77338   25.20826    21.1247    34.0552    23.7443     5.8515  0.000e+00
     62.249  121.77338   25.20826    21.1972    34.0435    23.7156     5.8445  0.000e+00
     62.191  121.77338   25.20826    21.2393    34.0382    23.7002     5.8405  0.000e+00
     62.191  121.77338   25.20826    21.2729    34.0300    23.6847     5.8373  0.000e+00
     62.191  121.77338   25.20826    21.3080    34.0235    23.6702     5.8339  0.000e+00
     62.140  121.77338   25.20826    21.3506    34.0162    23.6531     5.8295  0.000e+00
     62.140  121.77338   25.20826    21.3851    34.0131    23.6413     5.8299  0.000e+00
     62.140  121.77338   25.20826    21.4128    34.0081    23.6299     5.8316  0.000e+00
     62.082  121.77338   25.20826    21.4290    34.0048    23.6229     5.8301  0.000e+00
     62.082  121.77338   25.20826    21.4369    34.0061    23.6218     5.8334  0.000e+00
     62.031  121.77338   25.20826    21.4502    34.0051    23.6174     5.8322  0.000e+00
     62.097  121.77338   25.20826    21.4630    34.0021    23.6116     5.8355  0.000e+00
     62.031  121.77338   25.20826    21.4707    34.0022    23.6095     5.8392  0.000e+00
     62.031  121.77338   25.20826    21.4868    34.0020    23.6049     5.8381  0.000e+00
     61.973  121.77338   25.20826    21.5087    33.9989    23.5966     5.8405  0.000e+00
     61.973  121.77338   25.20826    21.5261    33.9973    23.5906     5.8392  0.000e+00
     61.973  121.77338   25.20826    21.5392    33.9954    23.5856     5.8386  0.000e+00
     61.923  121.77338   25.20826    21.5475    33.9936    23.5819     5.8466  0.000e+00
     61.973  121.77338   25.20826    21.5521    33.9934    23.5805     5.8471  0.000e+00
     61.923  121.77338   25.20826    21.5557    33.9935    23.5796     5.8515  0.000e+00
     61.923  121.77338   25.20826    21.5581    33.9937    23.5791     5.8562  0.000e+00
     61.872  121.77338   25.20826    21.5597    33.9943    23.5791     5.8611  0.000e+00
     61.879  121.77338   25.20824    21.5642    33.9942    23.5778     5.8619  0.000e+00
     61.872  121.77338   25.20824    21.5696    33.9946    23.5766     5.8662  0.000e+00
     61.814  121.77338   25.20824    21.5786    33.9945    23.5741     5.8746  0.000e+00
     61.872  121.77338   25.20824    21.5868    33.9936    23.5711     5.8753  0.000e+00
     61.814  121.77338   25.20824    21.5925    33.9948    23.5705     5.8761  0.000e+00
     61.814  121.77338   25.20824    21.6051    33.9946    23.5668     5.8802  0.000e+00
     61.814  121.77338   25.20824    21.6199    33.9914    23.5603     5.8883  0.000e+00
     61.814  121.77338   25.20824    21.6263    33.9895    23.5571     5.8897  0.000e+00
     61.763  121.77338   25.20824    21.6279    33.9891    23.5564     5.8953  0.000e+00
     61.763  121.77338   25.20824    21.6286    33.9897    23.5566     5.8969  0.000e+00
     61.705  121.77338   25.20824    21.6337    33.9919    23.5569     5.9019  0.000e+00
     61.719  121.77338   25.20824    21.6425    33.9900    23.5530     5.9028  0.000e+00
     61.705  121.77338   25.20824    21.6473    33.9907    23.5523     5.9078  0.000e+00
     61.705  121.77338   25.20824    21.6553    33.9879    23.5479     5.9127  0.000e+00
     61.603  121.77338   25.20824    21.6502    33.9881    23.5494     5.9191  0.000e+00
     61.705  121.77338   25.20824    21.6445    33.9890    23.5517     5.9257  0.000e+00
     61.654  121.77338   25.20824    21.6512    33.9957    23.5549     5.9266  0.000e+00
     61.603  121.77338   25.20824    21.6930    33.9946    23.5426     5.9276  0.000e+00
     61.603  121.77338   25.20824    21.7312    33.9914    23.5296     5.9291  0.000e+00
     61.603  121.77338   25.20824    21.7527    33.9872    23.5205     5.9325  0.000e+00
     61.603  121.77338   25.20824    21.7670    33.9818    23.5124     5.9366  0.000e+00
     61.552  121.77338   25.20824    21.7740    33.9786    23.5080     5.9373  0.000e+00
     61.494  121.77338   25.20824    21.7758    33.9782    23.5073     5.9422  0.000e+00
     61.545  121.77338   25.20824    21.7803    33.9792    23.5067     5.9429  0.000e+00
     61.494  121.77338   25.20824    21.7929    33.9785    23.5027     5.9465  0.000e+00
     61.494  121.77338   25.20824    21.8096    33.9800    23.4993     5.9495  0.000e+00
     61.385  121.77338   25.20824    21.8336    33.9765    23.4899     5.9477  0.000e+00
     61.494  121.77338   25.20824    21.8451    33.9760    23.4863     5.9472  0.000e+00
     61.385  121.77338   25.20824    21.8612    33.9745    23.4808     5.9498  0.000e+00
     61.385  121.77338   25.20824    21.8791    33.9723    23.4742     5.9482  0.000e+00
     61.334  121.77338   25.20824    21.8956    33.9708    23.4684     5.9463  0.000e+00
     61.342  121.77338   25.20824    21.9119    33.9673    23.4612     5.9483  0.000e+00
     61.276  121.77338   25.20824    21.9233    33.9656    23.4567     5.9506  0.000e+00
     61.334  121.77338   25.20824    21.9342    33.9647    23.4530     5.9532  0.000e+00
     61.276  121.77338   25.20824    21.9437    33.9631    23.4492     5.9520  0.000e+00
     61.226  121.77338   25.20824    21.9516    33.9619    23.4460     5.9546  0.000e+00
     61.226  121.77338   25.20824    21.9569    33.9606    23.4436     5.9578  0.000e+00
     61.167  121.77338   25.20824    21.9638    33.9616    23.4425     5.9606  0.000e+00
     61.167  121.77338   25.20824    21.9759    33.9614    23.4389     5.9631  0.000e+00
     61.167  121.77338   25.20824    21.9856    33.9614    23.4362     5.9660  0.000e+00
     61.117  121.77338   25.20824    21.9931    33.9611    23.4339     5.9690  0.000e+00
     61.073  121.77338   25.20824    22.0011    33.9588    23.4300     5.9681  0.000e+00
     61.117  121.77338   25.20824    22.0104    33.9586    23.4272     5.9707  0.000e+00
     61.008  121.77338   25.20824    22.0251    33.9566    23.4216     5.9726  0.000e+00
     61.008  121.77338   25.20824    22.0338    33.9544    23.4175     5.9715  0.000e+00
     60.957  121.77338   25.20824    22.0362    33.9539    23.4165     5.9748  0.000e+00
     60.957  121.77338   25.20824    22.0391    33.9544    23.4160     5.9782  0.000e+00
     60.899  121.77338   25.20824    22.0450    33.9551    23.4149     5.9813  0.000e+00
     60.899  121.77338   25.20824    22.0523    33.9533    23.4115     5.9846  0.000e+00
     60.899  121.77338   25.20824    22.0554    33.9515    23.4092     5.9841  0.000e+00
     60.805  121.77338   25.20824    22.0545    33.9511    23.4092     5.9879  0.000e+00
     60.848  121.77338   25.20824    22.0533    33.9512    23.4096     5.9882  0.000e+00
     60.739  121.77338   25.20824    22.0526    33.9518    23.4103     5.9921  0.000e+00
     60.790  121.77338   25.20824    22.0526    33.9528    23.4110     5.9917  0.000e+00
     60.688  121.77338   25.20824    22.0547    33.9525    23.4102     5.9991  0.000e+00
     60.688  121.77338   25.20824    22.0533    33.9522    23.4104     6.0036  0.000e+00
     60.688  121.77338   25.20824    22.0521    33.9533    23.4116     6.0039  0.000e+00
     60.630  121.77338   25.20824    22.0537    33.9538    23.4115     6.0037  0.000e+00
     60.587  121.77338   25.20824    22.0572    33.9545    23.4110     6.0111  0.000e+00
     60.521  121.77338   25.20824    22.0605    33.9533    23.4092     6.0108  0.000e+00
     60.579  121.77338   25.20824    22.0602    33.9532    23.4092     6.0147  0.000e+00
     60.521  121.77338   25.20824    22.0623    33.9536    23.4089     6.0184  0.000e+00
     60.471  121.77338   25.20824    22.0656    33.9539    23.4082     6.0221  0.000e+00
     60.362  121.77338   25.20824    22.0672    33.9534    23.4074     6.0220  0.000e+00
     60.412  121.77338   25.20824    22.0675    33.9531    23.4070     6.0262  0.000e+00
     60.362  121.77338   25.20824    22.0682    33.9533    23.4070     6.0301  0.000e+00
     60.318  121.77338   25.20824    22.0688    33.9533    23.4069     6.0343  0.000e+00
     60.253  121.77338   25.20824    22.0689    33.9536    23.4070     6.0386  0.000e+00
     60.253  121.77338   25.20824    22.0707    33.9537    23.4066     6.0388  0.000e+00
     60.253  121.77338   25.20824    22.0719    33.9532    23.4059     6.0431  0.000e+00
     60.144  121.77338   25.20824    22.0720    33.9530    23.4057     6.0433  0.000e+00
     60.144  121.77338   25.20824    22.0723    33.9534    23.4060     6.0475  0.000e+00
     60.093  121.77338   25.20824    22.0726    33.9546    23.4068     6.0515  0.000e+00
     60.093  121.77338   25.20824    22.0737    33.9542    23.4062     6.0556  0.000e+00
     60.050  121.77338   25.20824    22.0736    33.9538    23.4059     6.0560  0.000e+00
     60.042  121.77338   25.20824    22.0730    33.9542    23.4063     6.0560  0.000e+00
     59.933  121.77338   25.20824    22.0731    33.9537    23.4060     6.0595  0.000e+00
     59.933  121.77338   25.20824    22.0728    33.9542    23.4064     6.0634  0.000e+00
     59.933  121.77338   25.20824    22.0736    33.9549    23.4067     6.0629  0.000e+00
     59.875  121.77338   25.20824    22.0747    33.9551    23.4065     6.0660  0.000e+00
     59.716  121.77338   25.20824    22.0749    33.9550    23.4064     6.0693  0.000e+00
     59.832  121.77338   25.20824    22.0751    33.9548    23.4062     6.0689  0.000e+00
     59.774  121.77338   25.20824    22.0753    33.9556    23.4067     6.0722  0.000e+00
     59.716  121.77338   25.20824    22.0753    33.9555    23.4067     6.0715  0.000e+00
     59.665  121.77338   25.20824    22.0744    33.9553    23.4068     6.0748  0.000e+00
     59.665  121.77338   25.20824    22.0740    33.9558    23.4073     6.0741  0.000e+00
     59.556  121.77338   25.20824    22.0757    33.9564    23.4072     6.0771  0.000e+00
     59.607  121.77338   25.20824    22.0770    33.9569    23.4073     6.0764  0.000e+00
     59.614  121.77338   25.20824    22.0796    33.9571    23.4067     6.0795  0.000e+00
     59.498  121.77338   25.20824    22.0819    33.9560    23.4052     6.0827  0.000e+00
     59.447  121.77338   25.20824    22.0816    33.9555    23.4049     6.0821  0.000e+00
     59.447  121.77338   25.20824    22.0817    33.9564    23.4055     6.0854  0.000e+00
     59.396  121.77338   25.20824    22.0828    33.9574    23.4060     6.0847  0.000e+00
     59.447  121.77338   25.20824    22.0849    33.9567    23.4049     6.0877  0.000e+00
     59.338  121.77338   25.20824    22.0865    33.9557    23.4037     6.0868  0.000e+00
     59.345  121.77338   25.20824    22.0879    33.9555    23.4031     6.0899  0.000e+00
     59.287  121.77338   25.20824    22.0888    33.9556    23.4030     6.0892  0.000e+00
     59.287  121.77338   25.20824    22.0895    33.9555    23.4027     6.0884  0.000e+00
     59.229  121.77338   25.20824    22.0900    33.9559    23.4028     6.0914  0.000e+00
     59.229  121.77338   25.20824    22.0926    33.9555    23.4019     6.0903  0.000e+00
     59.178  121.77338   25.20824    22.0947    33.9560    23.4016     6.0889  0.000e+00
     59.128  121.77338   25.20824    22.0974    33.9560    23.4009     6.0914  0.000e+00
     59.135  121.77338   25.20824    22.0998    33.9557    23.4000     6.0939  0.000e+00
     59.128  121.77338   25.20824    22.1032    33.9550    23.3985     6.0928  0.000e+00
     59.019  121.77338   25.20824    22.1058    33.9549    23.3977     6.0957  0.000e+00
     59.069  121.77338   25.20824    22.1087    33.9552    23.3971     6.0945  0.000e+00
     59.019  121.77338   25.20824    22.1112    33.9544    23.3958     6.0930  0.000e+00
