CTD/6-1.cnv
* Sea-Bird SBE 9 Data File:
* FileName = D:\ctddata\cr2381\6-1.hex
* Software Version Seasave V 7.20g
* Temperature SN = 6284
* Conductivity SN = 4751
* Number of Bytes Per Scan = 34
* Number of Voltage Words = 5
* Number of Scans Averaged by the Deck Unit = 1
* NMEA Latitude = 25 12.52 N
* NMEA Longitude = 121 46.42 E
* NMEA UTC (Time) = Oct 07 2019  03:18:46
** Ship: OR2
** Station: 6-1
** Operator: CR2381
# nquan = 8
# nvalues = 6437                                  
# units = specified
# name 0 = depSM: Depth [salt water, m]
# name 1 = longitude: Longitude [deg]
# name 2 = latitude: Latitude [deg]
# name 3 = t090C: Temperature [ITS-90, deg C]
# name 4 = sal00: Salinity, Practical [PSU]
# name 5 = sigma-é00: Density [sigma-theta, kg/m^3]
# name 6 = sbeox0Mg/L: Oxygen, SBE 43 [mg/l]
# name 7 = flag:  0.000e+00
# span 0 =      2.224,     91.555                 
# span 1 =  121.77318,  121.77370                 
# span 2 =   25.20790,   25.20882                 
# span 3 =    18.2938,    25.8744                 
# span 4 =    33.7306,    34.3021                 
# span 5 =    22.1351,    24.6658                 
# span 6 =     5.7087,     6.9509                 
# span 7 = 0.0000e+00, 0.0000e+00                 
# interval = seconds: 0.0416667
# start_time = Oct 07 2019 03:18:46 [NMEA time, header]
# bad_flag = -9.990e-29
*END*
[from data line 4135]
     58.968  121.77338   25.20824    22.1121    33.9545    23.3956     6.0906  0.000e+00
     58.910  121.77338   25.20824    22.1125    33.9543    23.3954     6.0933  0.000e+00
     58.910  121.77338   25.20824    22.1131    33.9541    23.3950     6.0922  0.000e+00
     58.910  121.77338   25.20824    22.1125    33.9540    23.3951     6.0912  0.000e+00
     58.910  121.77338   25.20824    22.1119    33.9539    23.3952     6.0900  0.000e+00
     58.801  121.77338   25.20824    22.1112    33.9555    23.3966     6.0886  0.000e+00
     58.859  121.77338   25.20824    22.1126    33.9558    23.3965     6.0912  0.000e+00
     58.757  121.77338   25.20824    22.1153    33.9556    23.3955     6.0898  0.000e+00
     58.801  121.77338   25.20824    22.1168    33.9553    23.3949     6.0886  0.000e+00
     58.750  121.77338   25.20824    22.1182    33.9549    23.3941     6.0912  0.000e+00
     58.750  121.77338   25.20824    22.1184    33.9549    23.3941     6.0902  0.000e+00
     58.692  121.77338   25.20824    22.1186    33.9543    23.3936     6.0890  0.000e+00
     58.692  121.77338   25.20822    22.1186    33.9546    23.3939     6.0878  0.000e+00
     58.648  121.77338   25.20822    22.1191    33.9553    23.3942     6.0906  0.000e+00
     58.641  121.77338   25.20822    22.1194    33.9551    23.3940     6.0897  0.000e+00
     58.692  121.77338   25.20822    22.1191    33.9555    23.3944     6.0887  0.000e+00
     58.583  121.77338   25.20822    22.1196    33.9552    23.3940     6.0913  0.000e+00
     58.532  121.77338   25.20822    22.1202    33.9548    23.3936     6.0903  0.000e+00
     58.583  121.77338   25.20822    22.1200    33.9557    23.3943     6.0894  0.000e+00
     58.540  121.77338   25.20822    22.1254    33.9553    23.3924     6.0917  0.000e+00
     58.583  121.77338   25.20822    22.1309    33.9551    23.3908     6.0863  0.000e+00
     58.481  121.77338   25.20822    22.1354    33.9551    23.3895     6.0888  0.000e+00
     58.481  121.77338   25.20822    22.1392    33.9538    23.3875     6.0835  0.000e+00
     58.532  121.77338   25.20822    22.1404    33.9541    23.3874     6.0822  0.000e+00
     58.423  121.77338   25.20822    22.1418    33.9538    23.3868     6.0848  0.000e+00
     58.431  121.77338   25.20822    22.1444    33.9535    23.3858     6.0836  0.000e+00
     58.373  121.77338   25.20822    22.1481    33.9534    23.3847     6.0821  0.000e+00
     58.373  121.77338   25.20822    22.1507    33.9533    23.3839     6.0767  0.000e+00
     58.373  121.77338   25.20822    22.1557    33.9545    23.3834     6.0747  0.000e+00
     58.373  121.77338   25.20822    22.1656    33.9510    23.3779     6.0724  0.000e+00
     58.315  121.77338   25.20822    22.1669    33.9500    23.3768     6.0711  0.000e+00
     58.213  121.77338   25.20822    22.1692    33.9501    23.3763     6.0695  0.000e+00
     58.213  121.77338   25.20822    22.1694    33.9495    23.3758     6.0683  0.000e+00
     58.532  121.77338   25.20822    22.1690    33.9509    23.3769     6.0673  0.000e+00
     57.886  121.77338   25.20822    22.1771    33.9516    23.3752     6.0648  0.000e+00
     58.373  121.77338   25.20822    22.1924    33.9522    23.3714     6.0622  0.000e+00
     58.322  121.77338   25.20822    22.2140    33.9475    23.3618     6.0589  0.000e+00
     58.155  121.77338   25.20822    22.2248    33.9461    23.3577     6.0565  0.000e+00
     58.213  121.77338   25.20822    22.2318    33.9434    23.3536     6.0546  0.000e+00
     58.213  121.77338   25.20822    22.2341    33.9437    23.3532     6.0533  0.000e+00
     57.995  121.77338   25.20822    22.2450    33.9457    23.3517     6.0507  0.000e+00
     58.104  121.77338   25.20822    22.2627    33.9450    23.3462     6.0517  0.000e+00
     58.162  121.77338   25.20822    22.2768    33.9419    23.3399     6.0454  0.000e+00
     58.046  121.77338   25.20822    22.2838    33.9388    23.3355     6.0438  0.000e+00
     57.944  121.77338   25.20822    22.2892    33.9379    23.3334     6.0422  0.000e+00
     58.046  121.77338   25.20822    22.2956    33.9362    23.3303     6.0450  0.000e+00
     57.886  121.77338   25.20822    22.2992    33.9345    23.3280     6.0440  0.000e+00
     57.944  121.77338   25.20822    22.2990    33.9341    23.3277     6.0435  0.000e+00
     58.002  121.77338   25.20822    22.2983    33.9346    23.3282     6.0429  0.000e+00
     57.944  121.77338   25.20822    22.2994    33.9353    23.3285     6.0461  0.000e+00
     57.835  121.77338   25.20822    22.3030    33.9360    23.3280     6.0453  0.000e+00
     57.835  121.77338   25.20822    22.3085    33.9370    23.3272     6.0443  0.000e+00
     57.777  121.77338   25.20822    22.3146    33.9350    23.3240     6.0473  0.000e+00
     57.785  121.77338   25.20822    22.3173    33.9348    23.3231     6.0469  0.000e+00
     57.835  121.77338   25.20822    22.3251    33.9355    23.3214     6.0457  0.000e+00
     57.777  121.77338   25.20822    22.3383    33.9339    23.3165     6.0483  0.000e+00
     57.668  121.77338   25.20822    22.3489    33.9323    23.3123     6.0472  0.000e+00
     57.668  121.77338   25.20822    22.3545    33.9296    23.3087     6.0508  0.000e+00
     57.668  121.77338   25.20822    22.3561    33.9292    23.3079     6.0511  0.000e+00
     57.676  121.77338   25.20822    22.3577    33.9296    23.3078     6.0553  0.000e+00
     57.668  121.77338   25.20822    22.3612    33.9292    23.3065     6.0555  0.000e+00
     57.509  121.77338   25.20822    22.3641    33.9284    23.3050     6.0597  0.000e+00
     57.618  121.77338   25.20822    22.3656    33.9286    23.3048     6.0605  0.000e+00
     57.509  121.77338   25.20822    22.3712    33.9288    23.3034     6.0607  0.000e+00
     57.516  121.77338   25.20822    22.3770    33.9278    23.3009     6.0608  0.000e+00
     57.509  121.77338   25.20822    22.3795    33.9268    23.2995     6.0656  0.000e+00
     57.509  121.77338   25.20822    22.3811    33.9276    23.2996     6.0665  0.000e+00
     57.400  121.77338   25.20822    22.3856    33.9271    23.2980     6.0710  0.000e+00
     57.458  121.77338   25.20822    22.3890    33.9265    23.2966     6.0722  0.000e+00
     57.356  121.77338   25.20822    22.3913    33.9261    23.2956     6.0730  0.000e+00
     57.400  121.77338   25.20822    22.3935    33.9258    23.2948     6.0781  0.000e+00
     57.298  121.77338   25.20822    22.3953    33.9256    23.2941     6.0790  0.000e+00
     57.349  121.77338   25.20822    22.3967    33.9260    23.2940     6.0840  0.000e+00
     57.240  121.77338   25.20822    22.3994    33.9265    23.2936     6.0810  0.000e+00
     57.298  121.77338   25.20822    22.4024    33.9256    23.2921     6.0819  0.000e+00
     57.189  121.77338   25.20822    22.4064    33.9255    23.2909     6.0864  0.000e+00
     57.240  121.77338   25.20822    22.4126    33.9246    23.2885     6.0867  0.000e+00
     57.189  121.77338   25.20822    22.4156    33.9231    23.2865     6.0871  0.000e+00
     57.131  121.77338   25.20822    22.4145    33.9233    23.2870     6.0879  0.000e+00
     57.088  121.77338   25.20822    22.4149    33.9235    23.2870     6.0883  0.000e+00
     57.131  121.77338   25.20822    22.4165    33.9235    23.2866     6.0926  0.000e+00
     57.080  121.77338   25.20822    22.4193    33.9233    23.2856     6.0928  0.000e+00
     57.080  121.77338   25.20822    22.4217    33.9227    23.2845     6.0930  0.000e+00
     57.030  121.77338   25.20822    22.4220    33.9225    23.2842     6.0972  0.000e+00
     56.972  121.77338   25.20822    22.4223    33.9225    23.2842     6.0976  0.000e+00
     56.979  121.77338   25.20822    22.4223    33.9223    23.2840     6.0978  0.000e+00
     56.972  121.77338   25.20822    22.4219    33.9223    23.2841     6.0980  0.000e+00
     56.921  121.77338   25.20822    22.4219    33.9222    23.2840     6.0979  0.000e+00
     56.921  121.77338   25.20822    22.4214    33.9227    23.2845     6.0978  0.000e+00
     56.870  121.77338   25.20822    22.4226    33.9228    23.2843     6.0973  0.000e+00
     56.812  121.77338   25.20822    22.4236    33.9228    23.2840     6.0969  0.000e+00
     56.812  121.77338   25.20822    22.4249    33.9229    23.2837     6.0962  0.000e+00
     56.863  121.77338   25.20822    22.4266    33.9234    23.2836     6.0953  0.000e+00
     56.703  121.77338   25.20822    22.4288    33.9226    23.2824     6.0941  0.000e+00
     56.761  121.77338   25.20822    22.4298    33.9223    23.2818     6.0933  0.000e+00
     56.703  121.77338   25.20822    22.4303    33.9226    23.2820     6.0923  0.000e+00
     56.703  121.77338   25.20822    22.4309    33.9220    23.2813     6.0912  0.000e+00
     56.652  121.77338   25.20822    22.4312    33.9226    23.2817     6.0900  0.000e+00
     56.652  121.77338   25.20822    22.4328    33.9223    23.2810     6.0928  0.000e+00
     56.601  121.77338   25.20822    22.4344    33.9223    23.2806     6.0918  0.000e+00
     56.594  121.77338   25.20822    22.4344    33.9219    23.2803     6.0908  0.000e+00
     56.543  121.77338   25.20822    22.4340    33.9227    23.2810     6.0899  0.000e+00
     56.543  121.77338   25.20822    22.4343    33.9225    23.2807     6.0929  0.000e+00
     56.485  121.77338   25.20822    22.4337    33.9232    23.2814     6.0921  0.000e+00
     56.493  121.77338   25.20822    22.4351    33.9233    23.2811     6.0912  0.000e+00
     56.485  121.77338   25.20822    22.4365    33.9227    23.2802     6.0943  0.000e+00
     56.434  121.77338   25.20822    22.4358    33.9227    23.2804     6.0939  0.000e+00
     56.384  121.77338   25.20822    22.4362    33.9225    23.2802     6.0933  0.000e+00
     56.326  121.77338   25.20822    22.4365    33.9233    23.2807     6.0928  0.000e+00
     56.442  121.77338   25.20822    22.4390    33.9231    23.2799     6.0921  0.000e+00
     56.384  121.77338   25.20822    22.4425    33.9232    23.2790     6.0914  0.000e+00
     56.217  121.77338   25.20822    22.4452    33.9226    23.2777     6.0905  0.000e+00
     56.275  121.77338   25.20822    22.4469    33.9218    23.2766     6.0899  0.000e+00
     56.282  121.77338   25.20822    22.4474    33.9214    23.2762     6.0933  0.000e+00
     56.217  121.77338   25.20822    22.4490    33.9222    23.2763     6.0928  0.000e+00
     56.166  121.77338   25.20822    22.4506    33.9215    23.2753     6.0923  0.000e+00
     56.217  121.77338   25.20822    22.4506    33.9214    23.2753     6.0923  0.000e+00
     56.115  121.77338   25.20822    22.4494    33.9214    23.2756     6.0921  0.000e+00
     56.115  121.77338   25.20822    22.4487    33.9214    23.2758     6.0919  0.000e+00
     56.115  121.77338   25.20822    22.4485    33.9222    23.2764     6.0918  0.000e+00
     56.115  121.77338   25.20822    22.4503    33.9217    23.2756     6.0914  0.000e+00
     56.006  121.77338   25.20822    22.4511    33.9220    23.2756     6.0912  0.000e+00
     56.006  121.77338   25.20822    22.4545    33.9216    23.2743     6.0905  0.000e+00
     56.006  121.77338   25.20822    22.4583    33.9212    23.2729     6.0897  0.000e+00
     56.006  121.77338   25.20822    22.4598    33.9209    23.2723     6.0894  0.000e+00
     55.897  121.77338   25.20822    22.4608    33.9209    23.2720     6.0889  0.000e+00
     55.948  121.77338   25.20822    22.4620    33.9212    23.2719     6.0885  0.000e+00
     55.905  121.77338   25.20822    22.4652    33.9204    23.2704     6.0877  0.000e+00
     55.847  121.77338   25.20822    22.4665    33.9202    23.2699     6.0871  0.000e+00
     55.897  121.77338   25.20822    22.4670    33.9202    23.2697     6.0868  0.000e+00
     55.847  121.77338   25.20822    22.4676    33.9205    23.2698     6.0863  0.000e+00
     55.738  121.77338   25.20822    22.4675    33.9196    23.2692     6.0900  0.000e+00
     55.789  121.77338   25.20822    22.4663    33.9202    23.2699     6.0902  0.000e+00
     55.738  121.77338   25.20822    22.4655    33.9205    23.2704     6.0903  0.000e+00
     55.680  121.77338   25.20822    22.4652    33.9202    23.2702     6.0943  0.000e+00
     55.687  121.77338   25.20822    22.4654    33.9204    23.2703     6.0904  0.000e+00
     55.680  121.77338   25.20822    22.4644    33.9208    23.2709     6.0944  0.000e+00
     55.680  121.77338   25.20822    22.4635    33.9209    23.2713     6.0946  0.000e+00
     55.629  121.77338   25.20822    22.4635    33.9208    23.2712     6.0946  0.000e+00
     55.520  121.77338   25.20822    22.4631    33.9209    23.2714     6.0945  0.000e+00
     55.578  121.77338   25.20822    22.4624    33.9210    23.2716     6.0944  0.000e+00
     55.520  121.77338   25.20822    22.4621    33.9215    23.2721     6.0942  0.000e+00
     55.520  121.77338   25.20822    22.4625    33.9217    23.2721     6.0939  0.000e+00
     55.520  121.77338   25.20822    22.4644    33.9222    23.2720     6.0933  0.000e+00
     55.469  121.77338   25.20822    22.4670    33.9222    23.2712     6.0926  0.000e+00
     55.411  121.77338   25.20822    22.4692    33.9226    23.2709     6.0959  0.000e+00
     55.411  121.77338   25.20822    22.4721    33.9216    23.2693     6.0953  0.000e+00
     55.302  121.77338   25.20822    22.4753    33.9211    23.2680     6.0949  0.000e+00
     55.418  121.77338   25.20822    22.4776    33.9200    23.2666     6.0986  0.000e+00
     55.251  121.77338   25.20822    22.4783    33.9202    23.2665     6.0985  0.000e+00
     55.302  121.77338   25.20822    22.4788    33.9206    23.2667     6.1024  0.000e+00
     55.302  121.77338   25.20822    22.4797    33.9201    23.2660     6.1028  0.000e+00
     55.259  121.77338   25.20822    22.4801    33.9201    23.2659     6.1030  0.000e+00
     55.143  121.77338   25.20822    22.4801    33.9199    23.2658     6.1072  0.000e+00
     55.143  121.77338   25.20822    22.4804    33.9201    23.2658     6.1079  0.000e+00
     55.143  121.77338   25.20822    22.4795    33.9203    23.2662     6.1046  0.000e+00
     55.143  121.77338   25.20820    22.4795    33.9207    23.2665     6.1089  0.000e+00
     55.092  121.77338   25.20820    22.4836    33.9214    23.2659     6.1089  0.000e+00
     55.034  121.77338   25.20820    22.4873    33.9210    23.2645     6.1089  0.000e+00
     55.034  121.77338   25.20820    22.4899    33.9217    23.2644     6.1089  0.000e+00
     55.034  121.77338   25.20820    22.4940    33.9208    23.2625     6.1088  0.000e+00
     54.932  121.77338   25.20820    22.4951    33.9201    23.2617     6.1088  0.000e+00
     54.932  121.77338   25.20820    22.4984    33.9200    23.2606     6.1129  0.000e+00
     54.932  121.77338   25.20820    22.5029    33.9202    23.2595     6.1129  0.000e+00
     54.874  121.77338   25.20820    22.5076    33.9194    23.2576     6.1129  0.000e+00
     54.823  121.77338   25.20820    22.5104    33.9178    23.2556     6.1130  0.000e+00
     54.823  121.77338   25.20820    22.5113    33.9179    23.2554     6.1173  0.000e+00
     54.765  121.77338   25.20820    22.5125    33.9176    23.2548     6.1136  0.000e+00
     54.714  121.77338   25.20820    22.5136    33.9177    23.2546     6.1136  0.000e+00
     54.714  121.77338   25.20820    22.5159    33.9174    23.2538     6.1135  0.000e+00
     54.656  121.77338   25.20820    22.5173    33.9169    23.2530     6.1133  0.000e+00
     54.714  121.77338   25.20820    22.5196    33.9164    23.2519     6.1171  0.000e+00
     54.605  121.77338   25.20820    22.5201    33.9167    23.2520     6.1171  0.000e+00
     54.613  121.77338   25.20820    22.5202    33.9167    23.2519     6.1171  0.000e+00
     54.605  121.77338   25.20820    22.5201    33.9161    23.2515     6.1171  0.000e+00
     54.497  121.77338   25.20820    22.5199    33.9160    23.2515     6.1169  0.000e+00
     54.497  121.77338   25.20820    22.5196    33.9166    23.2520     6.1167  0.000e+00
     54.446  121.77338   25.20820    22.5196    33.9166    23.2521     6.1163  0.000e+00
     54.446  121.77338   25.20820    22.5196    33.9168    23.2522     6.1159  0.000e+00
