CTD/6-1.cnv
* Sea-Bird SBE 9 Data File:
* FileName = D:\ctddata\cr2381\6-1.hex
* Software Version Seasave V 7.20g
* Temperature SN = 6284
* Conductivity SN = 4751
* Number of Bytes Per Scan = 34
* Number of Voltage Words = 5
* Number of Scans Averaged by the Deck Unit = 1
* NMEA Latitude = 25 12.52 N
* NMEA Longitude = 121 46.42 E
* NMEA UTC (Time) = Oct 07 2019  03:18:46
** Ship: OR2
** Station: 6-1
** Operator: CR2381
# nquan = 8
# nvalues = 6437                                  
# units = specified
# name 0 = depSM: Depth [salt water, m]
# name 1 = longitude: Longitude [deg]
# name 2 = latitude: Latitude [deg]
# name 3 = t090C: Temperature [ITS-90, deg C]
# name 4 = sal00: Salinity, Practical [PSU]
# name 5 = sigma-é00: Density [sigma-theta, kg/m^3]
# name 6 = sbeox0Mg/L: Oxygen, SBE 43 [mg/l]
# name 7 = flag:  0.000e+00
# span 0 =      2.224,     91.555                 
# span 1 =  121.77318,  121.77370                 
# span 2 =   25.20790,   25.20882                 
# span 3 =    18.2938,    25.8744                 
# span 4 =    33.7306,    34.3021                 
# span 5 =    22.1351,    24.6658                 
# span 6 =     5.7087,     6.9509                 
# span 7 = 0.0000e+00, 0.0000e+00                 
# interval = seconds: 0.0416667
# start_time = Oct 07 2019 03:18:46 [NMEA time, header]
# bad_flag = -9.990e-29
*END*
[from data line 3776]
     68.311  121.77340   25.20828    19.4347    34.2034    24.3044     5.7774  0.000e+00
     68.326  121.77340   25.20828    19.4706    34.2085    24.2991     5.7785  0.000e+00
     68.217  121.77340   25.20828    19.5130    34.2027    24.2836     5.7750  0.000e+00
     68.275  121.77340   25.20828    19.5455    34.1926    24.2676     5.7728  0.000e+00
     68.166  121.77340   25.20828    19.5661    34.1850    24.2565     5.7716  0.000e+00
     68.115  121.77340   25.20828    19.5797    34.1792    24.2485     5.7707  0.000e+00
     68.166  121.77340   25.20828    19.5884    34.1757    24.2436     5.7702  0.000e+00
     68.115  121.77340   25.20828    19.5934    34.1727    24.2400     5.7745  0.000e+00
     68.057  121.77340   25.20828    19.5975    34.1713    24.2379     5.7748  0.000e+00
     68.057  121.77340   25.20828    19.6005    34.1711    24.2369     5.7750  0.000e+00
     68.007  121.77340   25.20828    19.6027    34.1704    24.2358     5.7752  0.000e+00
     67.948  121.77340   25.20828    19.6038    34.1696    24.2350     5.7751  0.000e+00
     68.007  121.77340   25.20828    19.6038    34.1700    24.2352     5.7796  0.000e+00
     67.898  121.77340   25.20828    19.6060    34.1696    24.2344     5.7797  0.000e+00
     67.898  121.77340   25.20828    19.6062    34.1696    24.2343     5.7842  0.000e+00
     67.898  121.77340   25.20828    19.6062    34.1717    24.2359     5.7846  0.000e+00
     67.840  121.77340   25.20828    19.6110    34.1724    24.2352     5.7842  0.000e+00
     67.789  121.77340   25.20828    19.6152    34.1724    24.2341     5.7839  0.000e+00
     67.840  121.77340   25.20828    19.6251    34.1759    24.2342     5.7827  0.000e+00
     67.789  121.77340   25.20828    19.6506    34.1781    24.2293     5.7843  0.000e+00
     67.738  121.77340   25.20828    19.6875    34.1744    24.2169     5.7807  0.000e+00
     67.738  121.77340   25.20828    19.7191    34.1674    24.2034     5.7777  0.000e+00
     67.723  121.77340   25.20828    19.7354    34.1624    24.1953     5.7804  0.000e+00
     67.738  121.77340   25.20828    19.7446    34.1588    24.1901     5.7798  0.000e+00
     67.629  121.77340   25.20828    19.7502    34.1569    24.1872     5.7792  0.000e+00
     67.680  121.77340   25.20828    19.7515    34.1559    24.1861     5.7790  0.000e+00
     67.629  121.77340   25.20828    19.7574    34.1548    24.1838     5.7824  0.000e+00
     67.680  121.77340   25.20828    19.7661    34.1542    24.1810     5.7817  0.000e+00
     67.629  121.77340   25.20828    19.7701    34.1550    24.1806     5.7813  0.000e+00
     67.571  121.77340   25.20828    19.7718    34.1548    24.1800     5.7809  0.000e+00
     67.571  121.77340   25.20828    19.7714    34.1549    24.1802     5.7850  0.000e+00
     67.571  121.77340   25.20828    19.7723    34.1562    24.1810     5.7805  0.000e+00
     67.571  121.77340   25.20828    19.7759    34.1560    24.1799     5.7838  0.000e+00
     67.520  121.77340   25.20828    19.7799    34.1563    24.1791     5.7828  0.000e+00
     67.520  121.77340   25.20828    19.7821    34.1574    24.1793     5.7865  0.000e+00
     67.571  121.77340   25.20828    19.7968    34.1634    24.1801     5.7849  0.000e+00
     67.469  121.77340   25.20828    19.8391    34.1569    24.1641     5.7848  0.000e+00
     67.469  121.77340   25.20828    19.8599    34.1517    24.1547     5.7832  0.000e+00
     67.520  121.77340   25.20828    19.8635    34.1480    24.1510     5.7876  0.000e+00
     67.411  121.77340   25.20828    19.8618    34.1468    24.1504     5.7882  0.000e+00
     67.469  121.77340   25.20828    19.8674    34.1462    24.1486     5.7923  0.000e+00
     67.469  121.77340   25.20828    19.8780    34.1463    24.1459     5.7916  0.000e+00
     67.411  121.77340   25.20828    19.8878    34.1449    24.1422     5.7953  0.000e+00
     67.469  121.77340   25.20828    19.8920    34.1449    24.1411     5.7953  0.000e+00
     67.360  121.77340   25.20828    19.8984    34.1433    24.1382     5.7951  0.000e+00
     67.411  121.77340   25.20828    19.9013    34.1429    24.1372     5.7994  0.000e+00
     67.411  121.77340   25.20828    19.9048    34.1440    24.1371     5.7995  0.000e+00
     67.360  121.77340   25.20828    19.9163    34.1452    24.1350     5.8030  0.000e+00
     67.360  121.77340   25.20828    19.9338    34.1435    24.1291     5.8019  0.000e+00
     67.360  121.77340   25.20828    19.9460    34.1423    24.1250     5.8053  0.000e+00
     67.360  121.77340   25.20828    19.9562    34.1381    24.1191     5.8095  0.000e+00
     67.295  121.77340   25.20828    19.9574    34.1364    24.1176     5.8105  0.000e+00
     67.302  121.77340   25.20828    19.9541    34.1359    24.1180     5.8117  0.000e+00
     67.302  121.77340   25.20828    19.9526    34.1370    24.1193     5.8167  0.000e+00
     67.302  121.77340   25.20828    19.9549    34.1386    24.1199     5.8171  0.000e+00
     67.251  121.77340   25.20828    19.9623    34.1414    24.1201     5.8166  0.000e+00
     67.302  121.77340   25.20828    19.9775    34.1402    24.1151     5.8199  0.000e+00
     67.201  121.77340   25.20828    19.9900    34.1387    24.1107     5.8192  0.000e+00
     67.201  121.77340   25.20828    20.0047    34.1372    24.1058     5.8224  0.000e+00
     67.201  121.77340   25.20828    20.0189    34.1356    24.1009     5.8214  0.000e+00
     67.201  121.77340   25.20828    20.0262    34.1317    24.0959     5.8253  0.000e+00
     67.201  121.77340   25.20828    20.0211    34.1310    24.0967     5.8308  0.000e+00
     67.092  121.77340   25.20828    20.0183    34.1330    24.0990     5.8317  0.000e+00
     67.092  121.77340   25.20828    20.0225    34.1334    24.0982     5.8364  0.000e+00
     67.092  121.77340   25.20828    20.0267    34.1334    24.0971     5.8368  0.000e+00
     67.092  121.77340   25.20828    20.0272    34.1321    24.0960     5.8417  0.000e+00
     67.092  121.77340   25.20828    20.0254    34.1345    24.0983     5.8425  0.000e+00
     67.034  121.77340   25.20828    20.0323    34.1340    24.0961     5.8464  0.000e+00
     66.983  121.77340   25.20828    20.0377    34.1344    24.0949     5.8508  0.000e+00
     66.983  121.77340   25.20828    20.0443    34.1353    24.0939     5.8509  0.000e+00
     66.983  121.77340   25.20828    20.0540    34.1335    24.0900     5.8505  0.000e+00
     66.925  121.77340   25.20828    20.0631    34.1313    24.0859     5.8544  0.000e+00
     66.983  121.77340   25.20828    20.0708    34.1308    24.0835     5.8543  0.000e+00
     66.925  121.77340   25.20828    20.0764    34.1302    24.0816     5.8540  0.000e+00
     66.823  121.77340   25.20828    20.0792    34.1303    24.0809     5.8538  0.000e+00
     66.874  121.77340   25.20828    20.0845    34.1301    24.0794     5.8577  0.000e+00
     66.765  121.77340   25.20828    20.0908    34.1292    24.0770     5.8571  0.000e+00
     66.765  121.77340   25.20828    20.0958    34.1287    24.0753     5.8608  0.000e+00
     66.823  121.77340   25.20828    20.1029    34.1292    24.0739     5.8643  0.000e+00
     66.765  121.77340   25.20828    20.1116    34.1273    24.0701     5.8636  0.000e+00
     66.714  121.77340   25.20828    20.1121    34.1269    24.0697     5.8632  0.000e+00
     66.714  121.77340   25.20828    20.1147    34.1272    24.0692     5.8669  0.000e+00
     66.656  121.77340   25.20828    20.1201    34.1269    24.0676     5.8660  0.000e+00
     66.605  121.77340   25.20826    20.1246    34.1253    24.0652     5.8653  0.000e+00
     66.656  121.77340   25.20826    20.1262    34.1247    24.0643     5.8647  0.000e+00
     66.496  121.77340   25.20826    20.1276    34.1246    24.0638     5.8640  0.000e+00
     66.605  121.77340   25.20826    20.1293    34.1240    24.0629     5.8674  0.000e+00
     66.496  121.77340   25.20826    20.1302    34.1243    24.0629     5.8668  0.000e+00
     66.496  121.77340   25.20826    20.1300    34.1243    24.0630     5.8661  0.000e+00
     66.496  121.77340   25.20826    20.1297    34.1246    24.0633     5.8698  0.000e+00
     66.446  121.77340   25.20826    20.1319    34.1252    24.0631     5.8647  0.000e+00
     66.387  121.77340   25.20826    20.1339    34.1253    24.0627     5.8678  0.000e+00
     66.337  121.77340   25.20826    20.1352    34.1251    24.0622     5.8669  0.000e+00
     66.387  121.77340   25.20826    20.1391    34.1249    24.0611     5.8655  0.000e+00
     66.337  121.77340   25.20826    20.1424    34.1247    24.0600     5.8684  0.000e+00
     66.279  121.77340   25.20826    20.1447    34.1237    24.0587     5.8629  0.000e+00
     66.228  121.77340   25.20826    20.1446    34.1232    24.0582     5.8618  0.000e+00
     66.228  121.77340   25.20826    20.1448    34.1239    24.0588     5.8646  0.000e+00
     66.177  121.77340   25.20826    20.1477    34.1242    24.0582     5.8675  0.000e+00
     66.177  121.77340   25.20826    20.1502    34.1240    24.0574     5.8666  0.000e+00
     66.177  121.77340   25.20826    20.1514    34.1240    24.0571     5.8657  0.000e+00
     66.068  121.77340   25.20826    20.1552    34.1247    24.0566     5.8641  0.000e+00
     66.010  121.77340   25.20826    20.1595    34.1233    24.0544     5.8669  0.000e+00
     66.068  121.77340   25.20826    20.1601    34.1246    24.0552     5.8659  0.000e+00
     66.010  121.77340   25.20826    20.1684    34.1276    24.0553     5.8637  0.000e+00
     65.959  121.77340   25.20826    20.1864    34.1261    24.0494     5.8650  0.000e+00
     65.908  121.77340   25.20826    20.1999    34.1228    24.0434     5.8626  0.000e+00
     65.959  121.77340   25.20826    20.2068    34.1206    24.0399     5.8611  0.000e+00
     65.850  121.77340   25.20826    20.2101    34.1189    24.0377     5.8596  0.000e+00
     65.908  121.77340   25.20826    20.2105    34.1181    24.0370     5.8629  0.000e+00
     65.799  121.77340   25.20826    20.2107    34.1181    24.0369     5.8622  0.000e+00
     65.799  121.77340   25.20826    20.2112    34.1183    24.0370     5.8614  0.000e+00
     65.799  121.77340   25.20826    20.2126    34.1175    24.0360     5.8649  0.000e+00
     65.741  121.77340   25.20826    20.2121    34.1180    24.0365     5.8643  0.000e+00
     65.691  121.77340   25.20826    20.2122    34.1189    24.0372     5.8638  0.000e+00
     65.640  121.77340   25.20826    20.2137    34.1187    24.0366     5.8629  0.000e+00
     65.691  121.77340   25.20826    20.2142    34.1183    24.0362     5.8667  0.000e+00
     65.640  121.77340   25.20826    20.2148    34.1186    24.0363     5.8707  0.000e+00
     65.582  121.77340   25.20826    20.2154    34.1191    24.0364     5.8748  0.000e+00
     65.582  121.77340   25.20826    20.2159    34.1191    24.0363     5.8749  0.000e+00
     65.531  121.77340   25.20826    20.2166    34.1191    24.0361     5.8793  0.000e+00
     65.531  121.77340   25.20826    20.2173    34.1190    24.0358     5.8796  0.000e+00
     65.473  121.77340   25.20826    20.2180    34.1192    24.0359     5.8796  0.000e+00
     65.473  121.77340   25.20826    20.2185    34.1193    24.0358     5.8837  0.000e+00
     65.473  121.77340   25.20826    20.2192    34.1190    24.0354     5.8883  0.000e+00
     65.422  121.77340   25.20826    20.2210    34.1183    24.0343     5.8885  0.000e+00
     65.313  121.77340   25.20826    20.2206    34.1182    24.0344     5.8890  0.000e+00
     65.364  121.77340   25.20826    20.2206    34.1193    24.0352     5.8939  0.000e+00
     65.364  121.77340   25.20826    20.2213    34.1196    24.0353     5.8946  0.000e+00
     65.262  121.77340   25.20826    20.2230    34.1210    24.0359     5.8948  0.000e+00
     65.313  121.77340   25.20826    20.2283    34.1206    24.0342     5.8950  0.000e+00
     65.262  121.77340   25.20826    20.2320    34.1201    24.0328     5.8950  0.000e+00
     65.204  121.77340   25.20826    20.2392    34.1196    24.0305     5.8945  0.000e+00
     65.153  121.77340   25.20826    20.2469    34.1169    24.0264     5.8980  0.000e+00
     65.153  121.77340   25.20826    20.2501    34.1157    24.0247     5.8979  0.000e+00
     65.153  121.77340   25.20826    20.2500    34.1163    24.0251     5.9025  0.000e+00
     65.153  121.77340   25.20826    20.2489    34.1163    24.0255     5.9030  0.000e+00
     65.095  121.77340   25.20826    20.2493    34.1163    24.0254     5.9031  0.000e+00
     65.044  121.77340   25.20826    20.2504    34.1169    24.0255     5.9033  0.000e+00
     65.044  121.77340   25.20826    20.2521    34.1176    24.0256     5.9029  0.000e+00
     65.044  121.77340   25.20826    20.2560    34.1163    24.0236     5.9067  0.000e+00
     64.994  121.77340   25.20826    20.2562    34.1157    24.0231     5.9067  0.000e+00
     64.935  121.77340   25.20826    20.2549    34.1164    24.0239     5.9066  0.000e+00
     64.935  121.77340   25.20826    20.2548    34.1167    24.0242     5.9065  0.000e+00
     64.885  121.77340   25.20826    20.2542    34.1171    24.0246     5.9060  0.000e+00
     64.885  121.77340   25.20826    20.2546    34.1174    24.0248     5.9094  0.000e+00
     64.885  121.77340   25.20826    20.2547    34.1168    24.0242     5.9091  0.000e+00
     64.776  121.77340   25.20826    20.2532    34.1163    24.0243     5.9047  0.000e+00
     64.827  121.77340   25.20826    20.2523    34.1170    24.0251     5.9083  0.000e+00
     64.776  121.77340   25.20826    20.2537    34.1181    24.0255     5.9075  0.000e+00
     64.776  121.77340   25.20826    20.2572    34.1171    24.0238     5.9105  0.000e+00
     64.667  121.77340   25.20826    20.2579    34.1172    24.0238     5.9100  0.000e+00
     64.718  121.77340   25.20826    20.2572    34.1166    24.0235     5.9096  0.000e+00
     64.718  121.77340   25.20826    20.2556    34.1170    24.0242     5.9090  0.000e+00
     64.558  121.77340   25.20826    20.2547    34.1174    24.0247     5.9083  0.000e+00
     64.667  121.77340   25.20826    20.2556    34.1187    24.0255     5.9074  0.000e+00
     64.616  121.77340   25.20826    20.2595    34.1203    24.0257     5.9059  0.000e+00
     64.507  121.77340   25.20826    20.2667    34.1201    24.0236     5.9081  0.000e+00
     64.558  121.77340   25.20826    20.2756    34.1173    24.0191     5.9065  0.000e+00
     64.507  121.77340   25.20826    20.2785    34.1176    24.0186     5.9052  0.000e+00
     64.464  121.77340   25.20826    20.2828    34.1169    24.0169     5.9037  0.000e+00
     64.449  121.77340   25.20826    20.2868    34.1163    24.0154     5.9023  0.000e+00
     64.398  121.77340   25.20826    20.2891    34.1152    24.0139     5.9009  0.000e+00
     64.449  121.77340   25.20826    20.2892    34.1147    24.0136     5.8997  0.000e+00
     64.347  121.77340   25.20826    20.2903    34.1160    24.0143     5.8980  0.000e+00
     64.347  121.77340   25.20826    20.2934    34.1167    24.0139     5.8963  0.000e+00
     64.289  121.77340   25.20826    20.2976    34.1158    24.0122     5.8947  0.000e+00
     64.289  121.77340   25.20826    20.3007    34.1151    24.0108     5.8935  0.000e+00
     64.238  121.77340   25.20826    20.3026    34.1142    24.0096     5.8922  0.000e+00
     64.130  121.77340   25.20826    20.3035    34.1139    24.0091     5.8954  0.000e+00
     64.238  121.77340   25.20826    20.3034    34.1133    24.0087     5.8948  0.000e+00
     64.130  121.77340   25.20826    20.3025    34.1134    24.0090     5.8940  0.000e+00
     64.130  121.77340   25.20826    20.3019    34.1139    24.0095     5.8934  0.000e+00
     64.079  121.77340   25.20826    20.3025    34.1142    24.0097     5.8970  0.000e+00
     64.079  121.77340   25.20826    20.3042    34.1145    24.0095     5.8966  0.000e+00
     64.021  121.77340   25.20826    20.3055    34.1142    24.0089     5.8960  0.000e+00
     63.970  121.77340   25.20826    20.3063    34.1132    24.0079     5.8958  0.000e+00
     63.970  121.77340   25.20826    20.3056    34.1137    24.0084     5.8956  0.000e+00
     63.912  121.77340   25.20826    20.3056    34.1143    24.0089     5.8951  0.000e+00
