CTD/7-1.cnv
* Sea-Bird SBE 9 Data File:
* FileName = D:\ctddata\cr2381\7-1.hex
* Software Version Seasave V 7.20g
* Temperature SN = 6284
* Conductivity SN = 4751
* Number of Bytes Per Scan = 34
* Number of Voltage Words = 5
* Number of Scans Averaged by the Deck Unit = 1
* NMEA Latitude = 25 12.17 N
* NMEA Longitude = 121 46.04 E
* NMEA UTC (Time) = Oct 07 2019  03:29:45
** Ship: OR2
** Station: 7-1
** Operator: CR2381
# nquan = 8
# nvalues = 6155                                  
# units = specified
# name 0 = depSM: Depth [salt water, m]
# name 1 = longitude: Longitude [deg]
# name 2 = latitude: Latitude [deg]
# name 3 = t090C: Temperature [ITS-90, deg C]
# name 4 = sal00: Salinity, Practical [PSU]
# name 5 = sigma-é00: Density [sigma-theta, kg/m^3]
# name 6 = sbeox0Mg/L: Oxygen, SBE 43 [mg/l]
# name 7 = flag:  0.000e+00
# span 0 =      0.067,     64.606                 
# span 1 =  121.76668,  121.76746                 
# span 2 =   25.20214,   25.20288                 
# span 3 =    19.8835,    25.8910                 
# span 4 =    33.6994,    34.1880                 
# span 5 =    22.1106,    24.1747                 
# span 6 =     5.8625,     6.8727                 
# span 7 = 0.0000e+00, 0.0000e+00                 
# interval = seconds: 0.0416667
# start_time = Oct 07 2019 03:29:45 [NMEA time, header]
# bad_flag = -9.990e-29
*END*
[from data line 2697]
     60.358  121.76706   25.20254    21.1521    34.0740    23.7510     6.0575  0.000e+00
     60.358  121.76706   25.20254    21.1632    34.0688    23.7441     6.0529  0.000e+00
     60.358  121.76706   25.20254    21.1730    34.0579    23.7331     6.0565  0.000e+00
     60.409  121.76706   25.20254    21.1595    34.0557    23.7351     6.0545  0.000e+00
     60.358  121.76706   25.20254    21.1280    34.0598    23.7468     6.0582  0.000e+00
     60.416  121.76706   25.20254    21.1012    34.0660    23.7588     6.0615  0.000e+00
     60.467  121.76706   25.20254    21.0846    34.0685    23.7652     6.0636  0.000e+00
     60.467  121.76706   25.20254    21.0656    34.0681    23.7700     6.0621  0.000e+00
     60.467  121.76706   25.20254    21.0420    34.0744    23.7812     6.0649  0.000e+00
     60.409  121.76706   25.20254    21.0356    34.0783    23.7858     6.0656  0.000e+00
     60.467  121.76706   25.20254    21.0394    34.0781    23.7847     6.0656  0.000e+00
     60.568  121.76706   25.20254    21.0410    34.0798    23.7856     6.0660  0.000e+00
     60.467  121.76706   25.20254    21.0456    34.0803    23.7847     6.0657  0.000e+00
     60.583  121.76706   25.20254    21.0510    34.0802    23.7831     6.0657  0.000e+00
     60.568  121.76706   25.20254    21.0603    34.0754    23.7770     6.0609  0.000e+00
     60.517  121.76706   25.20254    21.0527    34.0742    23.7781     6.0619  0.000e+00
     60.626  121.76706   25.20254    21.0382    34.0760    23.7835     6.0637  0.000e+00
     60.626  121.76706   25.20254    21.0278    34.0781    23.7879     6.0607  0.000e+00
     60.568  121.76706   25.20254    21.0198    34.0808    23.7920     6.0613  0.000e+00
     60.626  121.76706   25.20254    21.0147    34.0831    23.7952     6.0618  0.000e+00
     60.626  121.76706   25.20254    21.0117    34.0834    23.7963     6.0578  0.000e+00
     60.743  121.76706   25.20254    21.0076    34.0838    23.7977     6.0579  0.000e+00
     60.735  121.76706   25.20254    21.0052    34.0815    23.7966     6.0539  0.000e+00
     60.735  121.76706   25.20254    21.0032    34.0819    23.7974     6.0537  0.000e+00
     60.735  121.76706   25.20254    21.0027    34.0826    23.7980     6.0493  0.000e+00
     60.786  121.76706   25.20254    21.0018    34.0822    23.7980     6.0491  0.000e+00
     60.844  121.76706   25.20254    20.9999    34.0805    23.7972     6.0450  0.000e+00
     60.786  121.76706   25.20254    20.9891    34.0808    23.8004     6.0454  0.000e+00
     60.895  121.76706   25.20254    20.9764    34.0823    23.8050     6.0418  0.000e+00
     60.851  121.76706   25.20254    20.9668    34.0842    23.8090     6.0417  0.000e+00
     60.946  121.76706   25.20254    20.9593    34.0859    23.8123     6.0420  0.000e+00
     60.946  121.76706   25.20254    20.9540    34.0861    23.8139     6.0377  0.000e+00
     60.895  121.76706   25.20254    20.9469    34.0869    23.8165     6.0376  0.000e+00
     61.004  121.76706   25.20252    20.9422    34.0884    23.8189     6.0375  0.000e+00
     61.055  121.76706   25.20252    20.9394    34.0882    23.8194     6.0331  0.000e+00
     61.055  121.76706   25.20252    20.9337    34.0903    23.8226     6.0331  0.000e+00
     61.055  121.76706   25.20252    20.9354    34.0913    23.8229     6.0324  0.000e+00
     61.113  121.76706   25.20252    20.9419    34.0924    23.8220     6.0314  0.000e+00
     61.171  121.76706   25.20252    20.9520    34.0907    23.8180     6.0258  0.000e+00
     61.164  121.76706   25.20252    20.9620    34.0897    23.8145     6.0242  0.000e+00
     61.215  121.76706   25.20252    20.9696    34.0877    23.8109     6.0231  0.000e+00
     61.215  121.76706   25.20252    20.9743    34.0860    23.8084     6.0225  0.000e+00
     61.323  121.76706   25.20252    20.9775    34.0865    23.8079     6.0177  0.000e+00
     61.273  121.76706   25.20252    20.9829    34.0853    23.8055     6.0170  0.000e+00
     61.382  121.76706   25.20252    20.9872    34.0839    23.8033     6.0163  0.000e+00
     61.323  121.76706   25.20252    20.9878    34.0828    23.8023     6.0120  0.000e+00
     61.432  121.76706   25.20252    20.9848    34.0817    23.8022     6.0122  0.000e+00
     61.440  121.76706   25.20252    20.9805    34.0789    23.8013     6.0125  0.000e+00
     61.490  121.76706   25.20252    20.9698    34.0795    23.8046     6.0135  0.000e+00
     61.490  121.76706   25.20252    20.9632    34.0819    23.8083     6.0141  0.000e+00
     61.592  121.76706   25.20252    20.9590    34.0839    23.8109     6.0102  0.000e+00
     61.541  121.76706   25.20252    20.9523    34.0849    23.8135     6.0109  0.000e+00
     61.592  121.76706   25.20252    20.9455    34.0864    23.8165     6.0116  0.000e+00
     61.701  121.76706   25.20252    20.9424    34.0871    23.8179     6.0079  0.000e+00
     61.701  121.76706   25.20252    20.9405    34.0876    23.8187     6.0081  0.000e+00
     61.701  121.76706   25.20252    20.9375    34.0868    23.8189     6.0044  0.000e+00
     61.759  121.76706   25.20252    20.9340    34.0879    23.8207     6.0046  0.000e+00
     61.766  121.76706   25.20252    20.9328    34.0884    23.8214     6.0046  0.000e+00
     61.810  121.76706   25.20252    20.9342    34.0899    23.8222     6.0004  0.000e+00
     61.861  121.76706   25.20252    20.9394    34.0889    23.8200     6.0042  0.000e+00
     61.919  121.76706   25.20252    20.9448    34.0891    23.8187     6.0000  0.000e+00
     61.919  121.76706   25.20252    20.9527    34.0871    23.8151     5.9996  0.000e+00
     61.970  121.76706   25.20252    20.9565    34.0854    23.8127     5.9957  0.000e+00
     61.919  121.76706   25.20252    20.9523    34.0839    23.8128     5.9964  0.000e+00
     62.079  121.76706   25.20252    20.9452    34.0846    23.8152     5.9977  0.000e+00
     62.079  121.76706   25.20252    20.9406    34.0858    23.8174     5.9987  0.000e+00
     62.079  121.76706   25.20252    20.9396    34.0861    23.8179     5.9993  0.000e+00
     62.188  121.76706   25.20252    20.9371    34.0872    23.8193     5.9962  0.000e+00
     62.144  121.76706   25.20252    20.9380    34.0872    23.8192     5.9966  0.000e+00
     62.188  121.76706   25.20252    20.9401    34.0875    23.8188     5.9969  0.000e+00
     62.188  121.76706   25.20252    20.9446    34.0867    23.8170     5.9971  0.000e+00
     62.238  121.76706   25.20252    20.9453    34.0856    23.8159     5.9976  0.000e+00
     62.296  121.76706   25.20252    20.9431    34.0853    23.8163     5.9986  0.000e+00
     62.347  121.76706   25.20252    20.9431    34.0854    23.8164     5.9992  0.000e+00
     62.347  121.76706   25.20252    20.9431    34.0860    23.8168     5.9999  0.000e+00
     62.347  121.76706   25.20252    20.9434    34.0867    23.8173     5.9963  0.000e+00
     62.405  121.76706   25.20252    20.9429    34.0863    23.8171     5.9968  0.000e+00
     62.405  121.76706   25.20252    20.9427    34.0857    23.8167     5.9972  0.000e+00
     62.456  121.76706   25.20252    20.9426    34.0855    23.8166     5.9977  0.000e+00
     62.507  121.76706   25.20252    20.9426    34.0861    23.8171     5.9983  0.000e+00
     62.522  121.76706   25.20252    20.9431    34.0855    23.8165     5.9987  0.000e+00
     62.616  121.76706   25.20252    20.9409    34.0848    23.8166     5.9996  0.000e+00
     62.565  121.76706   25.20252    20.9375    34.0851    23.8177     6.0006  0.000e+00
     62.616  121.76706   25.20252    20.9349    34.0862    23.8192     6.0015  0.000e+00
     62.616  121.76706   25.20252    20.9349    34.0870    23.8198     6.0021  0.000e+00
     62.674  121.76706   25.20252    20.9412    34.0867    23.8179     6.0022  0.000e+00
     62.674  121.76706   25.20252    20.9413    34.0804    23.8131     6.0033  0.000e+00
     62.776  121.76706   25.20252    20.9134    34.0820    23.8219     6.0071  0.000e+00
     62.725  121.76706   25.20252    20.8853    34.0846    23.8314     6.0108  0.000e+00
     62.776  121.76706   25.20252    20.8553    34.0891    23.8429     6.0149  0.000e+00
     62.776  121.76706   25.20252    20.8337    34.0923    23.8512     6.0182  0.000e+00
     62.885  121.76706   25.20252    20.8198    34.0956    23.8574     6.0205  0.000e+00
     62.834  121.76706   25.20252    20.8089    34.0976    23.8619     6.0225  0.000e+00
     62.899  121.76706   25.20252    20.7972    34.0964    23.8641     6.0250  0.000e+00
     62.943  121.76706   25.20252    20.7733    34.0979    23.8717     6.0284  0.000e+00
     62.943  121.76706   25.20252    20.7527    34.1001    23.8789     6.0315  0.000e+00
     62.994  121.76706   25.20252    20.7325    34.1033    23.8867     6.0388  0.000e+00
     62.994  121.76706   25.20252    20.7166    34.1113    23.8970     6.0417  0.000e+00
     63.102  121.76706   25.20252    20.7285    34.1153    23.8970     6.0418  0.000e+00
     62.994  121.76706   25.20252    20.7506    34.1105    23.8873     6.0407  0.000e+00
     63.102  121.76706   25.20252    20.7278    34.1045    23.8889     6.0448  0.000e+00
     63.153  121.76706   25.20252    20.6775    34.1061    23.9036     6.0474  0.000e+00
     63.103  121.76706   25.20252    20.6463    34.1079    23.9133     6.0516  0.000e+00
     63.211  121.76706   25.20252    20.6256    34.1113    23.9215     6.0547  0.000e+00
     63.211  121.76706   25.20252    20.6122    34.1166    23.9291     6.0567  0.000e+00
     63.211  121.76706   25.20252    20.6110    34.1179    23.9304     6.0574  0.000e+00
     63.262  121.76706   25.20252    20.6054    34.1157    23.9302     6.0589  0.000e+00
     63.328  121.76706   25.20252    20.5852    34.1151    23.9352     6.0617  0.000e+00
     63.320  121.76706   25.20252    20.5603    34.1167    23.9430     6.0652  0.000e+00
     63.371  121.76706   25.20252    20.5244    34.1154    23.9516     6.0657  0.000e+00
     63.320  121.76706   25.20252    20.4685    34.1243    23.9733     6.0718  0.000e+00
     63.422  121.76706   25.20252    20.4281    34.1302    23.9884     6.0763  0.000e+00
     63.371  121.76706   25.20252    20.3958    34.1291    23.9962     6.0800  0.000e+00
     63.480  121.76706   25.20252    20.3533    34.1355    24.0124     6.0805  0.000e+00
     63.422  121.76706   25.20252    20.3332    34.1439    24.0241     6.0822  0.000e+00
     63.531  121.76706   25.20252    20.3386    34.1498    24.0271     6.0814  0.000e+00
     63.480  121.76706   25.20252    20.3459    34.1564    24.0303     6.0800  0.000e+00
     63.589  121.76706   25.20252    20.3761    34.1570    24.0227     6.0764  0.000e+00
     63.531  121.76706   25.20252    20.4065    34.1532    24.0117     6.0687  0.000e+00
     63.589  121.76706   25.20252    20.4273    34.1467    24.0013     6.0662  0.000e+00
     63.589  121.76706   25.20252    20.4337    34.1410    23.9953     6.0610  0.000e+00
     63.640  121.76706   25.20252    20.4307    34.1384    23.9940     6.0607  0.000e+00
     63.691  121.76706   25.20252    20.4245    34.1329    23.9915     6.0611  0.000e+00
     63.691  121.76706   25.20252    20.3979    34.1370    24.0017     6.0591  0.000e+00
     63.647  121.76706   25.20252    20.3845    34.1379    24.0060     6.0552  0.000e+00
     63.800  121.76706   25.20252    20.3752    34.1373    24.0079     6.0508  0.000e+00
     63.749  121.76706   25.20252    20.3521    34.1383    24.0148     6.0517  0.000e+00
     63.800  121.76706   25.20252    20.3212    34.1408    24.0249     6.0494  0.000e+00
     63.800  121.76706   25.20252    20.2830    34.1440    24.0375     6.0518  0.000e+00
     63.858  121.76706   25.20252    20.2504    34.1439    24.0460     6.0497  0.000e+00
     63.858  121.76706   25.20252    20.2170    34.1497    24.0593     6.0514  0.000e+00
     63.858  121.76706   25.20252    20.1959    34.1465    24.0624     6.0479  0.000e+00
     63.909  121.76706   25.20252    20.1662    34.1505    24.0733     6.0493  0.000e+00
     63.909  121.76706   25.20252    20.1436    34.1562    24.0836     6.0456  0.000e+00
     63.959  121.76706   25.20252    20.1305    34.1611    24.0908     6.0450  0.000e+00
     63.959  121.76706   25.20252    20.1233    34.1625    24.0938     6.0398  0.000e+00
     64.017  121.76706   25.20252    20.1088    34.1650    24.0995     6.0352  0.000e+00
     64.017  121.76706   25.20252    20.0889    34.1676    24.1067     6.0352  0.000e+00
     64.017  121.76706   25.20252    20.0692    34.1696    24.1134     6.0312  0.000e+00
     64.126  121.76706   25.20252    20.0556    34.1693    24.1167     6.0308  0.000e+00
     64.068  121.76706   25.20252    20.0372    34.1697    24.1219     6.0267  0.000e+00
     64.126  121.76706   25.20252    20.0213    34.1731    24.1286     6.0221  0.000e+00
     64.126  121.76706   25.20252    20.0131    34.1751    24.1323     6.0209  0.000e+00
     64.177  121.76706   25.20252    20.0100    34.1773    24.1348     6.0151  0.000e+00
     64.177  121.76706   25.20252    20.0075    34.1764    24.1347     6.0092  0.000e+00
     64.243  121.76706   25.20252    20.0021    34.1774    24.1369     6.0039  0.000e+00
     64.235  121.76706   25.20252    19.9965    34.1773    24.1383     6.0028  0.000e+00
     64.286  121.76706   25.20252    19.9882    34.1762    24.1397     5.9980  0.000e+00
     64.286  121.76706   25.20252    19.9747    34.1771    24.1439     5.9936  0.000e+00
     64.337  121.76706   25.20252    19.9653    34.1787    24.1476     5.9931  0.000e+00
     64.337  121.76706   25.20252    19.9602    34.1803    24.1501     5.9877  0.000e+00
     64.395  121.76706   25.20252    19.9576    34.1813    24.1516     5.9822  0.000e+00
     64.395  121.76706   25.20252    19.9557    34.1806    24.1516     5.9808  0.000e+00
     64.395  121.76704   25.20252    19.9529    34.1809    24.1525     5.9755  0.000e+00
     64.446  121.76704   25.20252    19.9500    34.1811    24.1534     5.9702  0.000e+00
     64.504  121.76704   25.20252    19.9450    34.1800    24.1539     5.9695  0.000e+00
     64.555  121.76704   25.20252    19.9338    34.1805    24.1572     5.9655  0.000e+00
     64.504  121.76704   25.20252    19.9236    34.1811    24.1603     5.9655  0.000e+00
     64.555  121.76704   25.20252    19.9146    34.1829    24.1641     5.9612  0.000e+00
     64.606  121.76704   25.20252    19.9121    34.1845    24.1659     5.9606  0.000e+00
     64.555  121.76704   25.20252    19.9106    34.1845    24.1663     5.9558  0.000e+00
     64.606  121.76704   25.20252    19.9066    34.1849    24.1677     5.9557  0.000e+00
     64.555  121.76704   25.20252    19.9079    34.1833    24.1661     5.9508  0.000e+00
     64.555  121.76704   25.20252    19.9052    34.1856    24.1686     5.9463  0.000e+00
     64.504  121.76704   25.20252    19.9087    34.1849    24.1671     5.9454  0.000e+00
     64.606  121.76704   25.20252    19.9121    34.1835    24.1652     5.9409  0.000e+00
     64.555  121.76704   25.20252    19.9129    34.1822    24.1640     5.9365  0.000e+00
     64.446  121.76704   25.20252    19.9124    34.1812    24.1634     5.9363  0.000e+00
     64.504  121.76704   25.20252    19.9107    34.1806    24.1633     5.9324  0.000e+00
     64.504  121.76704   25.20252    19.9064    34.1811    24.1649     5.9284  0.000e+00
     64.555  121.76704   25.20252    19.9034    34.1830    24.1671     5.9287  0.000e+00
     64.504  121.76704   25.20252    19.9114    34.1839    24.1656     5.9238  0.000e+00
     64.511  121.76704   25.20252    19.9203    34.1813    24.1613     5.9231  0.000e+00
     64.606  121.76704   25.20252    19.9196    34.1799    24.1604     5.9234  0.000e+00
     64.555  121.76704   25.20252    19.9179    34.1787    24.1600     5.9153  0.000e+00
     64.555  121.76704   25.20252    19.9106    34.1775    24.1610     5.9161  0.000e+00
     64.555  121.76704   25.20252    19.8967    34.1795    24.1662     5.9133  0.000e+00
     64.606  121.76704   25.20252    19.8897    34.1813    24.1693     5.9184  0.000e+00
     64.555  121.76704   25.20252    19.8878    34.1826    24.1709     5.9105  0.000e+00
