CTD/7-1.cnv
* Sea-Bird SBE 9 Data File:
* FileName = D:\ctddata\cr2381\7-1.hex
* Software Version Seasave V 7.20g
* Temperature SN = 6284
* Conductivity SN = 4751
* Number of Bytes Per Scan = 34
* Number of Voltage Words = 5
* Number of Scans Averaged by the Deck Unit = 1
* NMEA Latitude = 25 12.17 N
* NMEA Longitude = 121 46.04 E
* NMEA UTC (Time) = Oct 07 2019  03:29:45
** Ship: OR2
** Station: 7-1
** Operator: CR2381
# nquan = 8
# nvalues = 6155                                  
# units = specified
# name 0 = depSM: Depth [salt water, m]
# name 1 = longitude: Longitude [deg]
# name 2 = latitude: Latitude [deg]
# name 3 = t090C: Temperature [ITS-90, deg C]
# name 4 = sal00: Salinity, Practical [PSU]
# name 5 = sigma-é00: Density [sigma-theta, kg/m^3]
# name 6 = sbeox0Mg/L: Oxygen, SBE 43 [mg/l]
# name 7 = flag:  0.000e+00
# span 0 =      0.067,     64.606                 
# span 1 =  121.76668,  121.76746                 
# span 2 =   25.20214,   25.20288                 
# span 3 =    19.8835,    25.8910                 
# span 4 =    33.6994,    34.1880                 
# span 5 =    22.1106,    24.1747                 
# span 6 =     5.8625,     6.8727                 
# span 7 = 0.0000e+00, 0.0000e+00                 
# interval = seconds: 0.0416667
# start_time = Oct 07 2019 03:29:45 [NMEA time, header]
# bad_flag = -9.990e-29
*END*
[from data line 4495]
     34.921  121.76688   25.20234    24.0135    33.7914    22.7249     6.2818  0.000e+00
     34.870  121.76688   25.20234    24.0146    33.7914    22.7245     6.2851  0.000e+00
     34.877  121.76688   25.20234    24.0153    33.7919    22.7247     6.2848  0.000e+00
     34.812  121.76688   25.20234    24.0185    33.7912    22.7232     6.2843  0.000e+00
     34.812  121.76688   25.20234    24.0199    33.7901    22.7220     6.2879  0.000e+00
     34.826  121.76688   25.20234    24.0199    33.7896    22.7216     6.2883  0.000e+00
     34.812  121.76688   25.20234    24.0180    33.7901    22.7226     6.2888  0.000e+00
     34.761  121.76688   25.20234    24.0158    33.7913    22.7241     6.2893  0.000e+00
     34.703  121.76688   25.20234    24.0158    33.7914    22.7242     6.2897  0.000e+00
     34.768  121.76688   25.20234    24.0174    33.7913    22.7236     6.2899  0.000e+00
     34.703  121.76688   25.20234    24.0183    33.7912    22.7232     6.2902  0.000e+00
     34.703  121.76686   25.20232    24.0183    33.7908    22.7230     6.2906  0.000e+00
     34.718  121.76686   25.20232    24.0187    33.7911    22.7230     6.2909  0.000e+00
     34.703  121.76686   25.20232    24.0214    33.7915    22.7226     6.2910  0.000e+00
     34.652  121.76686   25.20232    24.0251    33.7910    22.7211     6.2913  0.000e+00
     34.609  121.76686   25.20232    24.0283    33.7903    22.7197     6.2914  0.000e+00
     34.652  121.76686   25.20232    24.0306    33.7895    22.7183     6.2958  0.000e+00
     34.601  121.76686   25.20232    24.0316    33.7896    22.7181     6.2963  0.000e+00
     34.601  121.76686   25.20232    24.0316    33.7893    22.7179     6.2970  0.000e+00
     34.609  121.76686   25.20232    24.0295    33.7893    22.7185     6.2980  0.000e+00
     34.543  121.76686   25.20232    24.0281    33.7894    22.7190     6.2988  0.000e+00
     34.493  121.76686   25.20232    24.0266    33.7893    22.7193     6.2957  0.000e+00
     34.558  121.76686   25.20232    24.0251    33.7902    22.7205     6.2961  0.000e+00
     34.543  121.76686   25.20232    24.0252    33.7909    22.7210     6.2963  0.000e+00
     34.493  121.76686   25.20232    24.0266    33.7908    22.7205     6.2963  0.000e+00
     34.543  121.76686   25.20232    24.0281    33.7906    22.7200     6.3003  0.000e+00
     34.391  121.76686   25.20232    24.0297    33.7902    22.7192     6.3005  0.000e+00
     34.434  121.76686   25.20232    24.0307    33.7895    22.7183     6.3009  0.000e+00
     34.493  121.76686   25.20232    24.0294    33.7899    22.7190     6.3054  0.000e+00
     34.391  121.76686   25.20232    24.0279    33.7903    22.7198     6.3061  0.000e+00
     34.493  121.76686   25.20232    24.0279    33.7897    22.7193     6.3069  0.000e+00
     34.326  121.76686   25.20232    24.0253    33.7896    22.7200     6.3115  0.000e+00
     34.340  121.76686   25.20232    24.0233    33.7907    22.7214     6.3123  0.000e+00
     34.326  121.76686   25.20232    24.0229    33.7908    22.7216     6.3129  0.000e+00
     34.384  121.76686   25.20232    24.0219    33.7908    22.7219     6.3135  0.000e+00
     34.326  121.76686   25.20234    24.0212    33.7912    22.7224     6.3179  0.000e+00
     34.289  121.76686   25.20234    24.0222    33.7911    22.7220     6.3145  0.000e+00
     34.275  121.76686   25.20234    24.0229    33.7901    22.7210     6.3185  0.000e+00
     34.326  121.76686   25.20234    24.0219    33.7899    22.7212     6.3192  0.000e+00
     34.231  121.76686   25.20234    24.0203    33.7899    22.7217     6.3198  0.000e+00
     34.224  121.76686   25.20234    24.0187    33.7908    22.7229     6.3204  0.000e+00
     34.224  121.76686   25.20234    24.0185    33.7915    22.7234     6.3207  0.000e+00
     34.224  121.76686   25.20234    24.0187    33.7915    22.7233     6.3208  0.000e+00
     34.181  121.76686   25.20234    24.0183    33.7912    22.7232     6.3211  0.000e+00
     34.166  121.76686   25.20234    24.0169    33.7905    22.7231     6.3254  0.000e+00
     34.166  121.76686   25.20234    24.0155    33.7916    22.7243     6.3257  0.000e+00
     34.123  121.76686   25.20234    24.0164    33.7917    22.7242     6.3218  0.000e+00
     34.115  121.76686   25.20234    24.0181    33.7921    22.7240     6.3214  0.000e+00
     34.115  121.76686   25.20234    24.0213    33.7920    22.7230     6.3208  0.000e+00
     34.057  121.76686   25.20234    24.0247    33.7913    22.7214     6.3201  0.000e+00
     34.072  121.76686   25.20234    24.0268    33.7908    22.7204     6.3197  0.000e+00
     34.057  121.76686   25.20234    24.0272    33.7910    22.7205     6.3195  0.000e+00
     34.057  121.76686   25.20234    24.0274    33.7909    22.7203     6.3192  0.000e+00
     34.006  121.76686   25.20234    24.0277    33.7905    22.7199     6.3191  0.000e+00
     34.021  121.76686   25.20234    24.0266    33.7898    22.7197     6.3192  0.000e+00
     33.956  121.76686   25.20234    24.0231    33.7902    22.7211     6.3155  0.000e+00
     34.006  121.76686   25.20234    24.0224    33.7908    22.7217     6.3192  0.000e+00
     33.912  121.76686   25.20234    24.0245    33.7910    22.7213     6.3187  0.000e+00
     33.956  121.76686   25.20234    24.0260    33.7914    22.7211     6.3183  0.000e+00
     33.956  121.76686   25.20234    24.0265    33.7914    22.7210     6.3180  0.000e+00
     33.898  121.76686   25.20234    24.0271    33.7912    22.7206     6.3137  0.000e+00
     33.854  121.76686   25.20234    24.0272    33.7906    22.7202     6.3131  0.000e+00
     33.898  121.76686   25.20234    24.0266    33.7907    22.7204     6.3126  0.000e+00
     33.847  121.76686   25.20234    24.0267    33.7906    22.7203     6.3159  0.000e+00
     33.854  121.76686   25.20234    24.0265    33.7910    22.7207     6.3154  0.000e+00
     33.847  121.76686   25.20234    24.0268    33.7910    22.7206     6.3152  0.000e+00
     33.847  121.76686   25.20234    24.0271    33.7910    22.7205     6.3149  0.000e+00
     33.789  121.76686   25.20234    24.0270    33.7907    22.7203     6.3146  0.000e+00
     33.803  121.76686   25.20234    24.0274    33.7907    22.7201     6.3143  0.000e+00
     33.738  121.76686   25.20234    24.0274    33.7907    22.7202     6.3139  0.000e+00
     33.847  121.76686   25.20234    24.0274    33.7910    22.7204     6.3095  0.000e+00
     33.738  121.76686   25.20234    24.0276    33.7910    22.7203     6.3085  0.000e+00
     33.752  121.76686   25.20234    24.0279    33.7909    22.7201     6.3114  0.000e+00
     33.687  121.76686   25.20234    24.0272    33.7910    22.7204     6.3107  0.000e+00
     33.738  121.76686   25.20234    24.0268    33.7911    22.7206     6.3064  0.000e+00
     33.694  121.76686   25.20234    24.0274    33.7912    22.7205     6.3056  0.000e+00
     33.687  121.76686   25.20234    24.0281    33.7909    22.7201     6.3047  0.000e+00
     33.738  121.76686   25.20234    24.0286    33.7907    22.7198     6.3041  0.000e+00
     33.687  121.76686   25.20234    24.0281    33.7909    22.7201     6.3036  0.000e+00
     33.644  121.76686   25.20234    24.0276    33.7908    22.7202     6.3030  0.000e+00
     33.629  121.76686   25.20234    24.0272    33.7908    22.7203     6.3027  0.000e+00
     33.629  121.76686   25.20234    24.0272    33.7909    22.7204     6.3024  0.000e+00
     33.629  121.76686   25.20234    24.0268    33.7910    22.7205     6.3021  0.000e+00
     33.585  121.76686   25.20232    24.0267    33.7910    22.7206     6.3017  0.000e+00
     33.629  121.76686   25.20232    24.0266    33.7915    22.7210     6.3017  0.000e+00
     33.520  121.76686   25.20232    24.0274    33.7907    22.7202     6.3012  0.000e+00
     33.585  121.76686   25.20232    24.0281    33.7915    22.7206     6.3011  0.000e+00
     33.578  121.76686   25.20232    24.0314    33.7913    22.7194     6.3006  0.000e+00
     33.469  121.76686   25.20232    24.0348    33.7900    22.7174     6.3002  0.000e+00
     33.520  121.76686   25.20232    24.0358    33.7895    22.7168     6.3001  0.000e+00
     33.477  121.76686   25.20232    24.0361    33.7893    22.7165     6.3000  0.000e+00
     33.520  121.76686   25.20232    24.0355    33.7894    22.7168     6.3000  0.000e+00
     33.411  121.76686   25.20232    24.0349    33.7892    22.7168     6.3000  0.000e+00
     33.469  121.76686   25.20232    24.0353    33.7890    22.7165     6.3003  0.000e+00
     33.426  121.76686   25.20232    24.0350    33.7893    22.7168     6.3005  0.000e+00
     33.469  121.76686   25.20232    24.0343    33.7895    22.7172     6.3006  0.000e+00
     33.360  121.76686   25.20232    24.0345    33.7897    22.7173     6.3045  0.000e+00
     33.360  121.76686   25.20232    24.0341    33.7899    22.7176     6.3048  0.000e+00
     33.317  121.76686   25.20232    24.0337    33.7899    22.7177     6.3051  0.000e+00
     33.360  121.76686   25.20232    24.0340    33.7901    22.7177     6.3053  0.000e+00
     33.310  121.76686   25.20232    24.0343    33.7896    22.7173     6.3056  0.000e+00
     33.266  121.76686   25.20232    24.0345    33.7900    22.7175     6.3058  0.000e+00
     33.310  121.76686   25.20232    24.0353    33.7892    22.7167     6.3060  0.000e+00
     33.252  121.76686   25.20232    24.0336    33.7901    22.7178     6.3064  0.000e+00
     33.201  121.76686   25.20232    24.0336    33.7898    22.7176     6.3064  0.000e+00
     33.208  121.76686   25.20232    24.0338    33.7897    22.7175     6.3066  0.000e+00
     33.201  121.76686   25.20232    24.0339    33.7897    22.7174     6.3069  0.000e+00
     33.143  121.76686   25.20232    24.0339    33.7900    22.7176     6.3071  0.000e+00
     33.143  121.76686   25.20232    24.0338    33.7902    22.7178     6.3035  0.000e+00
     33.106  121.76686   25.20232    24.0350    33.7905    22.7177     6.3031  0.000e+00
     33.092  121.76686   25.20232    24.0369    33.7899    22.7167     6.3027  0.000e+00
     33.041  121.76686   25.20232    24.0372    33.7896    22.7164     6.3024  0.000e+00
     33.092  121.76686   25.20232    24.0378    33.7896    22.7162     6.3024  0.000e+00
     32.998  121.76686   25.20232    24.0382    33.7894    22.7160     6.3024  0.000e+00
     32.983  121.76686   25.20232    24.0379    33.7894    22.7160     6.3025  0.000e+00
     32.983  121.76686   25.20232    24.0384    33.7890    22.7156     6.3025  0.000e+00
     32.932  121.76686   25.20232    24.0387    33.7890    22.7155     6.3025  0.000e+00
     32.940  121.76686   25.20232    24.0389    33.7892    22.7156     6.3026  0.000e+00
     32.874  121.76686   25.20232    24.0397    33.7896    22.7157     6.3025  0.000e+00
     32.874  121.76686   25.20232    24.0409    33.7896    22.7153     6.3023  0.000e+00
     32.874  121.76686   25.20232    24.0417    33.7895    22.7149     6.3020  0.000e+00
     32.780  121.76686   25.20232    24.0426    33.7890    22.7144     6.2981  0.000e+00
     32.823  121.76686   25.20232    24.0437    33.7884    22.7136     6.2979  0.000e+00
     32.773  121.76686   25.20232    24.0449    33.7883    22.7131     6.2974  0.000e+00
     32.773  121.76686   25.20232    24.0455    33.7886    22.7132     6.2970  0.000e+00
     32.671  121.76686   25.20232    24.0476    33.7884    22.7124     6.2964  0.000e+00
     32.715  121.76686   25.20232    24.0497    33.7883    22.7117     6.2959  0.000e+00
     32.664  121.76686   25.20232    24.0509    33.7880    22.7111     6.2954  0.000e+00
     32.664  121.76686   25.20232    24.0522    33.7886    22.7112     6.2911  0.000e+00
     32.620  121.76686   25.20232    24.0554    33.7890    22.7106     6.2941  0.000e+00
     32.606  121.76686   25.20232    24.0598    33.7877    22.7082     6.2934  0.000e+00
     32.606  121.76686   25.20232    24.0618    33.7866    22.7069     6.2891  0.000e+00
     32.555  121.76686   25.20232    24.0625    33.7868    22.7068     6.2885  0.000e+00
     32.511  121.76686   25.20232    24.0645    33.7865    22.7060     6.2917  0.000e+00
     32.497  121.76686   25.20232    24.0660    33.7871    22.7059     6.2913  0.000e+00
     32.497  121.76686   25.20232    24.0689    33.7866    22.7047     6.2908  0.000e+00
     32.497  121.76686   25.20232    24.0700    33.7862    22.7041     6.2905  0.000e+00
     32.403  121.76686   25.20232    24.0687    33.7852    22.7038     6.2905  0.000e+00
     32.446  121.76686   25.20232    24.0671    33.7858    22.7046     6.2905  0.000e+00
     32.395  121.76686   25.20232    24.0684    33.7858    22.7042     6.2902  0.000e+00
     32.395  121.76686   25.20232    24.0673    33.7841    22.7033     6.2902  0.000e+00
     32.301  121.76686   25.20232    24.0613    33.7870    22.7073     6.2906  0.000e+00
     32.337  121.76686   25.20232    24.0625    33.7882    22.7078     6.2903  0.000e+00
     32.286  121.76686   25.20232    24.0666    33.7883    22.7067     6.2936  0.000e+00
     32.337  121.76686   25.20232    24.0690    33.7878    22.7056     6.2935  0.000e+00
     32.243  121.76686   25.20232    24.0703    33.7869    22.7046     6.2898  0.000e+00
     32.228  121.76686   25.20232    24.0707    33.7864    22.7041     6.2938  0.000e+00
     32.228  121.76686   25.20232    24.0700    33.7859    22.7039     6.2943  0.000e+00
     32.178  121.76686   25.20232    24.0675    33.7861    22.7047     6.2950  0.000e+00
     32.192  121.76686   25.20232    24.0665    33.7861    22.7050     6.2955  0.000e+00
     32.178  121.76686   25.20232    24.0660    33.7866    22.7055     6.2999  0.000e+00
     32.127  121.76686   25.20232    24.0654    33.7872    22.7062     6.3005  0.000e+00
     32.127  121.76686   25.20232    24.0666    33.7877    22.7063     6.3011  0.000e+00
     32.083  121.76686   25.20232    24.0696    33.7876    22.7052     6.3014  0.000e+00
     32.127  121.76686   25.20232    24.0724    33.7867    22.7037     6.3018  0.000e+00
     32.018  121.76684   25.20230    24.0729    33.7866    22.7036     6.3023  0.000e+00
     32.069  121.76684   25.20230    24.0728    33.7862    22.7033     6.3031  0.000e+00
     32.018  121.76684   25.20230    24.0724    33.7866    22.7036     6.3035  0.000e+00
     32.032  121.76684   25.20230    24.0723    33.7865    22.7037     6.3039  0.000e+00
     31.960  121.76684   25.20230    24.0715    33.7861    22.7035     6.3044  0.000e+00
     31.960  121.76684   25.20230    24.0703    33.7864    22.7042     6.3049  0.000e+00
     31.909  121.76684   25.20230    24.0708    33.7865    22.7041     6.3052  0.000e+00
     31.923  121.76684   25.20230    24.0715    33.7863    22.7037     6.3055  0.000e+00
     31.909  121.76684   25.20230    24.0714    33.7858    22.7034     6.3059  0.000e+00
     31.909  121.76684   25.20230    24.0675    33.7859    22.7046     6.3067  0.000e+00
     31.858  121.76684   25.20230    24.0632    33.7875    22.7071     6.3074  0.000e+00
     31.865  121.76684   25.20230    24.0615    33.7879    22.7079     6.3079  0.000e+00
     31.858  121.76684   25.20230    24.0618    33.7879    22.7078     6.3043  0.000e+00
     31.800  121.76684   25.20230    24.0627    33.7879    22.7075     6.3042  0.000e+00
     31.800  121.76684   25.20230    24.0625    33.7875    22.7072     6.3043  0.000e+00
     31.800  121.76684   25.20230    24.0602    33.7875    22.7080     6.3005  0.000e+00
     31.764  121.76684   25.20230    24.0579    33.7889    22.7097     6.3003  0.000e+00
     31.691  121.76684   25.20230    24.0580    33.7890    22.7097     6.2999  0.000e+00
     31.749  121.76684   25.20230    24.0579    33.7889    22.7097     6.2995  0.000e+00
     31.749  121.76684   25.20230    24.0572    33.7889    22.7099     6.2992  0.000e+00
     31.706  121.76684   25.20230    24.0559    33.7893    22.7105     6.2989  0.000e+00
     31.640  121.76684   25.20230    24.0556    33.7901    22.7112     6.2985  0.000e+00
     31.691  121.76684   25.20230    24.0566    33.7895    22.7105     6.2978  0.000e+00
     31.640  121.76684   25.20230    24.0566    33.7893    22.7103     6.2973  0.000e+00
