CTD/7-1.cnv
* Sea-Bird SBE 9 Data File:
* FileName = D:\ctddata\cr2381\7-1.hex
* Software Version Seasave V 7.20g
* Temperature SN = 6284
* Conductivity SN = 4751
* Number of Bytes Per Scan = 34
* Number of Voltage Words = 5
* Number of Scans Averaged by the Deck Unit = 1
* NMEA Latitude = 25 12.17 N
* NMEA Longitude = 121 46.04 E
* NMEA UTC (Time) = Oct 07 2019  03:29:45
** Ship: OR2
** Station: 7-1
** Operator: CR2381
# nquan = 8
# nvalues = 6155                                  
# units = specified
# name 0 = depSM: Depth [salt water, m]
# name 1 = longitude: Longitude [deg]
# name 2 = latitude: Latitude [deg]
# name 3 = t090C: Temperature [ITS-90, deg C]
# name 4 = sal00: Salinity, Practical [PSU]
# name 5 = sigma-é00: Density [sigma-theta, kg/m^3]
# name 6 = sbeox0Mg/L: Oxygen, SBE 43 [mg/l]
# name 7 = flag:  0.000e+00
# span 0 =      0.067,     64.606                 
# span 1 =  121.76668,  121.76746                 
# span 2 =   25.20214,   25.20288                 
# span 3 =    19.8835,    25.8910                 
# span 4 =    33.6994,    34.1880                 
# span 5 =    22.1106,    24.1747                 
# span 6 =     5.8625,     6.8727                 
# span 7 = 0.0000e+00, 0.0000e+00                 
# interval = seconds: 0.0416667
# start_time = Oct 07 2019 03:29:45 [NMEA time, header]
# bad_flag = -9.990e-29
*END*
[from data line 5034]
     24.920  121.76682   25.20228    24.1152    33.7858    22.6900     6.3326  0.000e+00
     24.862  121.76682   25.20228    24.1129    33.7859    22.6907     6.3290  0.000e+00
     24.862  121.76682   25.20228    24.1094    33.7873    22.6928     6.3331  0.000e+00
     24.971  121.76682   25.20228    24.1087    33.7893    22.6946     6.3332  0.000e+00
     24.811  121.76682   25.20228    24.1099    33.7897    22.6945     6.3331  0.000e+00
     24.811  121.76682   25.20228    24.1126    33.7889    22.6931     6.3330  0.000e+00
     24.862  121.76682   25.20228    24.1145    33.7863    22.6906     6.3330  0.000e+00
     24.811  121.76682   25.20228    24.1111    33.7856    22.6910     6.3334  0.000e+00
     24.761  121.76682   25.20228    24.1088    33.7862    22.6921     6.3338  0.000e+00
     24.724  121.76682   25.20228    24.1080    33.7870    22.6930     6.3301  0.000e+00
     24.761  121.76682   25.20228    24.1081    33.7867    22.6927     6.3340  0.000e+00
     24.702  121.76682   25.20228    24.1073    33.7873    22.6935     6.3341  0.000e+00
     24.652  121.76682   25.20228    24.1076    33.7873    22.6933     6.3303  0.000e+00
     24.702  121.76682   25.20228    24.1078    33.7872    22.6933     6.3301  0.000e+00
     24.594  121.76682   25.20228    24.1067    33.7874    22.6937     6.3260  0.000e+00
     24.594  121.76682   25.20228    24.1062    33.7880    22.6943     6.3256  0.000e+00
     24.594  121.76682   25.20228    24.1056    33.7874    22.6940     6.3255  0.000e+00
     24.594  121.76682   25.20228    24.1055    33.7869    22.6937     6.3250  0.000e+00
     24.485  121.76682   25.20228    24.1055    33.7861    22.6930     6.3283  0.000e+00
     24.543  121.76682   25.20228    24.1051    33.7871    22.6939     6.3242  0.000e+00
     24.434  121.76682   25.20228    24.1053    33.7878    22.6944     6.3235  0.000e+00
     24.485  121.76682   25.20228    24.1067    33.7885    22.6945     6.3230  0.000e+00
     24.434  121.76682   25.20228    24.1090    33.7888    22.6940     6.3182  0.000e+00
     24.398  121.76682   25.20228    24.1126    33.7880    22.6924     6.3173  0.000e+00
     24.325  121.76680   25.20226    24.1167    33.7870    22.6905     6.3160  0.000e+00
     24.383  121.76680   25.20226    24.1195    33.7861    22.6889     6.3151  0.000e+00
     24.274  121.76680   25.20226    24.1204    33.7846    22.6875     6.3144  0.000e+00
     24.274  121.76680   25.20226    24.1184    33.7854    22.6887     6.3140  0.000e+00
     24.274  121.76680   25.20226    24.1183    33.7857    22.6890     6.3134  0.000e+00
     24.165  121.76680   25.20226    24.1195    33.7856    22.6885     6.3126  0.000e+00
     24.216  121.76680   25.20226    24.1209    33.7857    22.6882     6.3119  0.000e+00
     24.115  121.76680   25.20226    24.1229    33.7851    22.6872     6.3110  0.000e+00
     24.165  121.76680   25.20226    24.1245    33.7849    22.6865     6.3064  0.000e+00
     24.057  121.76680   25.20226    24.1254    33.7846    22.6860     6.3054  0.000e+00
     24.115  121.76680   25.20226    24.1255    33.7842    22.6857     6.3046  0.000e+00
     24.057  121.76680   25.20226    24.1254    33.7833    22.6850     6.3077  0.000e+00
     24.006  121.76680   25.20226    24.1224    33.7836    22.6862     6.3035  0.000e+00
     24.006  121.76680   25.20226    24.1197    33.7849    22.6879     6.3030  0.000e+00
     23.897  121.76680   25.20226    24.1199    33.7852    22.6881     6.3060  0.000e+00
     23.948  121.76680   25.20226    24.1199    33.7853    22.6881     6.3018  0.000e+00
     23.911  121.76680   25.20226    24.1200    33.7857    22.6884     6.3051  0.000e+00
     23.846  121.76680   25.20226    24.1202    33.7854    22.6882     6.3048  0.000e+00
     23.846  121.76680   25.20226    24.1204    33.7862    22.6887     6.3045  0.000e+00
     23.788  121.76680   25.20226    24.1218    33.7864    22.6884     6.3040  0.000e+00
     23.788  121.76680   25.20226    24.1227    33.7865    22.6883     6.3037  0.000e+00
     23.737  121.76680   25.20226    24.1232    33.7860    22.6877     6.3036  0.000e+00
     23.737  121.76680   25.20226    24.1229    33.7858    22.6876     6.3037  0.000e+00
     23.737  121.76680   25.20226    24.1225    33.7864    22.6882     6.3038  0.000e+00
     23.628  121.76680   25.20228    24.1238    33.7870    22.6883     6.3036  0.000e+00
     23.679  121.76680   25.20228    24.1245    33.7876    22.6886     6.3039  0.000e+00
     23.578  121.76680   25.20228    24.1259    33.7876    22.6881     6.3037  0.000e+00
     23.578  121.76680   25.20228    24.1275    33.7871    22.6872     6.3040  0.000e+00
     23.578  121.76680   25.20228    24.1284    33.7861    22.6862     6.3043  0.000e+00
     23.520  121.76680   25.20228    24.1284    33.7862    22.6863     6.3047  0.000e+00
     23.520  121.76680   25.20228    24.1291    33.7860    22.6859     6.3051  0.000e+00
     23.469  121.76680   25.20228    24.1296    33.7857    22.6856     6.3055  0.000e+00
     23.469  121.76680   25.20228    24.1293    33.7855    22.6855     6.3061  0.000e+00
     23.360  121.76680   25.20228    24.1286    33.7859    22.6860     6.3066  0.000e+00
     23.411  121.76680   25.20228    24.1288    33.7859    22.6860     6.3070  0.000e+00
     23.411  121.76680   25.20228    24.1282    33.7859    22.6861     6.3077  0.000e+00
     23.360  121.76680   25.20228    24.1280    33.7862    22.6864     6.3083  0.000e+00
     23.302  121.76680   25.20228    24.1282    33.7859    22.6861     6.3086  0.000e+00
     23.324  121.76680   25.20228    24.1282    33.7856    22.6859     6.3091  0.000e+00
     23.200  121.76680   25.20228    24.1282    33.7855    22.6858     6.3092  0.000e+00
     23.251  121.76680   25.20228    24.1284    33.7856    22.6858     6.3095  0.000e+00
     23.251  121.76680   25.20228    24.1282    33.7854    22.6857     6.3058  0.000e+00
     23.200  121.76680   25.20228    24.1284    33.7853    22.6856     6.3058  0.000e+00
     23.142  121.76680   25.20228    24.1288    33.7856    22.6857     6.3060  0.000e+00
     23.142  121.76680   25.20228    24.1291    33.7860    22.6859     6.3060  0.000e+00
     23.142  121.76680   25.20228    24.1296    33.7860    22.6858     6.3022  0.000e+00
     23.091  121.76680   25.20228    24.1298    33.7855    22.6853     6.3020  0.000e+00
     23.091  121.76680   25.20228    24.1300    33.7857    22.6854     6.3016  0.000e+00
     23.091  121.76680   25.20226    24.1300    33.7854    22.6852     6.3013  0.000e+00
     23.033  121.76680   25.20226    24.1300    33.7855    22.6852     6.3049  0.000e+00
     23.033  121.76680   25.20226    24.1302    33.7851    22.6850     6.3009  0.000e+00
     22.983  121.76680   25.20226    24.1300    33.7853    22.6851     6.3045  0.000e+00
     22.983  121.76680   25.20226    24.1302    33.7849    22.6848     6.3045  0.000e+00
     22.932  121.76680   25.20226    24.1298    33.7853    22.6852     6.3045  0.000e+00
     22.932  121.76680   25.20226    24.1300    33.7850    22.6849     6.3045  0.000e+00
     22.874  121.76680   25.20226    24.1300    33.7850    22.6849     6.3044  0.000e+00
     22.874  121.76680   25.20226    24.1300    33.7850    22.6849     6.3045  0.000e+00
     22.932  121.76680   25.20226    24.1300    33.7852    22.6850     6.3043  0.000e+00
     22.823  121.76680   25.20226    24.1303    33.7852    22.6850     6.3039  0.000e+00
     22.823  121.76680   25.20226    24.1305    33.7857    22.6852     6.2998  0.000e+00
     22.823  121.76680   25.20226    24.1311    33.7857    22.6851     6.3034  0.000e+00
     22.765  121.76680   25.20226    24.1314    33.7857    22.6850     6.3032  0.000e+00
     22.765  121.76680   25.20226    24.1314    33.7858    22.6851     6.3030  0.000e+00
     22.765  121.76680   25.20226    24.1314    33.7856    22.6849     6.3069  0.000e+00
     22.714  121.76680   25.20226    24.1319    33.7858    22.6849     6.3030  0.000e+00
     22.714  121.76680   25.20226    24.1330    33.7857    22.6845     6.3068  0.000e+00
     22.714  121.76680   25.20226    24.1334    33.7861    22.6847     6.3070  0.000e+00
     22.663  121.76680   25.20226    24.1341    33.7859    22.6844     6.3072  0.000e+00
     22.663  121.76680   25.20226    24.1341    33.7853    22.6839     6.3075  0.000e+00
     22.663  121.76680   25.20226    24.1339    33.7857    22.6842     6.3078  0.000e+00
     22.627  121.76680   25.20226    24.1336    33.7858    22.6844     6.3081  0.000e+00
     22.605  121.76680   25.20226    24.1334    33.7857    22.6844     6.3084  0.000e+00
     22.605  121.76680   25.20226    24.1336    33.7862    22.6847     6.3125  0.000e+00
     22.605  121.76680   25.20226    24.1336    33.7857    22.6844     6.3130  0.000e+00
     22.554  121.76680   25.20226    24.1334    33.7857    22.6844     6.3135  0.000e+00
     22.554  121.76680   25.20226    24.1332    33.7854    22.6842     6.3140  0.000e+00
     22.554  121.76680   25.20226    24.1328    33.7852    22.6842     6.3145  0.000e+00
     22.554  121.76680   25.20226    24.1327    33.7857    22.6846     6.3150  0.000e+00
     22.496  121.76680   25.20226    24.1327    33.7859    22.6847     6.3154  0.000e+00
     22.496  121.76680   25.20226    24.1327    33.7856    22.6845     6.3198  0.000e+00
     22.496  121.76680   25.20226    24.1323    33.7858    22.6848     6.3204  0.000e+00
     22.446  121.76680   25.20226    24.1320    33.7861    22.6851     6.3211  0.000e+00
     22.446  121.76680   25.20226    24.1321    33.7857    22.6848     6.3217  0.000e+00
     22.496  121.76680   25.20226    24.1321    33.7859    22.6849     6.3223  0.000e+00
     22.446  121.76680   25.20226    24.1320    33.7863    22.6853     6.3268  0.000e+00
     22.446  121.76680   25.20226    24.1325    33.7865    22.6853     6.3236  0.000e+00
     22.395  121.76680   25.20226    24.1330    33.7863    22.6850     6.3280  0.000e+00
     22.395  121.76680   25.20226    24.1330    33.7869    22.6854     6.3248  0.000e+00
     22.395  121.76680   25.20226    24.1342    33.7877    22.6856     6.3251  0.000e+00
     22.446  121.76680   25.20226    24.1351    33.7885    22.6860     6.3255  0.000e+00
     22.337  121.76680   25.20226    24.1371    33.7890    22.6858     6.3254  0.000e+00
     22.395  121.76680   25.20226    24.1417    33.7889    22.6843     6.3290  0.000e+00
     22.337  121.76680   25.20226    24.1469    33.7874    22.6817     6.3288  0.000e+00
     22.337  121.76680   25.20226    24.1497    33.7869    22.6805     6.3288  0.000e+00
     22.337  121.76680   25.20226    24.1533    33.7860    22.6787     6.3285  0.000e+00
     22.395  121.76680   25.20226    24.1562    33.7857    22.6777     6.3282  0.000e+00
     22.286  121.76680   25.20226    24.1576    33.7852    22.6768     6.3280  0.000e+00
     22.286  121.76680   25.20226    24.1583    33.7837    22.6755     6.3279  0.000e+00
     22.395  121.76680   25.20226    24.1555    33.7846    22.6770     6.3283  0.000e+00
     22.228  121.76680   25.20226    24.1567    33.7853    22.6772     6.3279  0.000e+00
     22.286  121.76680   25.20226    24.1586    33.7851    22.6764     6.3277  0.000e+00
     22.286  121.76680   25.20226    24.1597    33.7862    22.6770     6.3275  0.000e+00
     22.228  121.76680   25.20226    24.1665    33.7867    22.6753     6.3266  0.000e+00
     22.228  121.76680   25.20226    24.1754    33.7854    22.6717     6.3256  0.000e+00
     22.286  121.76680   25.20226    24.1768    33.7846    22.6707     6.3254  0.000e+00
     22.177  121.76680   25.20226    24.1750    33.7833    22.6703     6.3253  0.000e+00
     22.228  121.76680   25.20226    24.1709    33.7839    22.6719     6.3256  0.000e+00
     22.228  121.76680   25.20226    24.1693    33.7848    22.6730     6.3293  0.000e+00
     22.119  121.76680   25.20226    24.1708    33.7846    22.6725     6.3249  0.000e+00
     22.228  121.76680   25.20226    24.1723    33.7846    22.6720     6.3283  0.000e+00
     22.177  121.76680   25.20226    24.1736    33.7849    22.6718     6.3241  0.000e+00
     22.068  121.76680   25.20226    24.1754    33.7860    22.6722     6.3233  0.000e+00
     22.177  121.76680   25.20226    24.1811    33.7857    22.6703     6.3225  0.000e+00
     22.119  121.76680   25.20226    24.1881    33.7846    22.6674     6.3212  0.000e+00
     22.068  121.76680   25.20226    24.1925    33.7831    22.6649     6.3205  0.000e+00
     22.119  121.76680   25.20226    24.1946    33.7824    22.6637     6.3200  0.000e+00
     22.017  121.76680   25.20226    24.1954    33.7818    22.6631     6.3194  0.000e+00
     22.068  121.76680   25.20226    24.1957    33.7815    22.6628     6.3152  0.000e+00
     22.068  121.76680   25.20226    24.1951    33.7817    22.6631     6.3146  0.000e+00
     21.959  121.76680   25.20226    24.1947    33.7818    22.6633     6.3139  0.000e+00
     22.017  121.76680   25.20226    24.1944    33.7819    22.6634     6.3133  0.000e+00
     22.017  121.76680   25.20226    24.1939    33.7820    22.6637     6.3167  0.000e+00
     21.909  121.76680   25.20226    24.1937    33.7820    22.6637     6.3164  0.000e+00
     21.959  121.76680   25.20226    24.1941    33.7821    22.6637     6.3161  0.000e+00
     21.909  121.76680   25.20226    24.1955    33.7823    22.6634     6.3118  0.000e+00
     21.909  121.76680   25.20226    24.1966    33.7818    22.6627     6.3111  0.000e+00
     21.850  121.76680   25.20226    24.1973    33.7818    22.6625     6.3143  0.000e+00
     21.850  121.76680   25.20226    24.1976    33.7819    22.6625     6.3101  0.000e+00
     21.850  121.76680   25.20226    24.1984    33.7814    22.6619     6.3097  0.000e+00
     21.800  121.76680   25.20226    24.1983    33.7817    22.6621     6.3132  0.000e+00
     21.749  121.76680   25.20226    24.1987    33.7818    22.6621     6.3091  0.000e+00
     21.800  121.76680   25.20226    24.1996    33.7809    22.6611     6.3087  0.000e+00
     21.749  121.76680   25.20226    24.1994    33.7810    22.6613     6.3084  0.000e+00
     21.691  121.76680   25.20226    24.1994    33.7817    22.6618     6.3082  0.000e+00
     21.691  121.76680   25.20226    24.2001    33.7819    22.6617     6.3078  0.000e+00
     21.640  121.76680   25.20226    24.2015    33.7824    22.6617     6.3075  0.000e+00
     21.713  121.76680   25.20226    24.2033    33.7825    22.6612     6.3032  0.000e+00
     21.640  121.76680   25.20226    24.2055    33.7821    22.6603     6.3062  0.000e+00
     21.582  121.76680   25.20226    24.2095    33.7839    22.6605     6.3053  0.000e+00
     21.531  121.76680   25.20226    24.2193    33.7838    22.6575     6.3039  0.000e+00
     21.582  121.76680   25.20226    24.2281    33.7824    22.6538     6.3030  0.000e+00
     21.531  121.76680   25.20226    24.2321    33.7802    22.6510     6.3025  0.000e+00
     21.480  121.76680   25.20226    24.2329    33.7798    22.6504     6.3024  0.000e+00
     21.531  121.76680   25.20226    24.2367    33.7794    22.6490     6.3020  0.000e+00
     21.422  121.76680   25.20226    24.2402    33.7785    22.6473     6.3054  0.000e+00
     21.350  121.76678   25.20226    24.2427    33.7785    22.6465     6.3053  0.000e+00
     21.422  121.76678   25.20226    24.2454    33.7778    22.6452     6.3053  0.000e+00
     21.422  121.76678   25.20226    24.2468    33.7773    22.6444     6.3053  0.000e+00
     21.371  121.76678   25.20226    24.2470    33.7771    22.6442     6.3055  0.000e+00
     21.313  121.76678   25.20226    24.2466    33.7770    22.6442     6.3018  0.000e+00
     21.313  121.76678   25.20226    24.2461    33.7775    22.6448     6.3057  0.000e+00
     21.263  121.76678   25.20226    24.2482    33.7776    22.6442     6.3056  0.000e+00
     21.263  121.76678   25.20226    24.2511    33.7784    22.6440     6.3094  0.000e+00
     21.212  121.76678   25.20226    24.2561    33.7785    22.6426     6.3053  0.000e+00
     21.212  121.76678   25.20226    24.2628    33.7780    22.6402     6.3087  0.000e+00
