CTD/7-1.cnv
* Sea-Bird SBE 9 Data File:
* FileName = D:\ctddata\cr2381\7-1.hex
* Software Version Seasave V 7.20g
* Temperature SN = 6284
* Conductivity SN = 4751
* Number of Bytes Per Scan = 34
* Number of Voltage Words = 5
* Number of Scans Averaged by the Deck Unit = 1
* NMEA Latitude = 25 12.17 N
* NMEA Longitude = 121 46.04 E
* NMEA UTC (Time) = Oct 07 2019  03:29:45
** Ship: OR2
** Station: 7-1
** Operator: CR2381
# nquan = 8
# nvalues = 6155                                  
# units = specified
# name 0 = depSM: Depth [salt water, m]
# name 1 = longitude: Longitude [deg]
# name 2 = latitude: Latitude [deg]
# name 3 = t090C: Temperature [ITS-90, deg C]
# name 4 = sal00: Salinity, Practical [PSU]
# name 5 = sigma-é00: Density [sigma-theta, kg/m^3]
# name 6 = sbeox0Mg/L: Oxygen, SBE 43 [mg/l]
# name 7 = flag:  0.000e+00
# span 0 =      0.067,     64.606                 
# span 1 =  121.76668,  121.76746                 
# span 2 =   25.20214,   25.20288                 
# span 3 =    19.8835,    25.8910                 
# span 4 =    33.6994,    34.1880                 
# span 5 =    22.1106,    24.1747                 
# span 6 =     5.8625,     6.8727                 
# span 7 = 0.0000e+00, 0.0000e+00                 
# interval = seconds: 0.0416667
# start_time = Oct 07 2019 03:29:45 [NMEA time, header]
# bad_flag = -9.990e-29
*END*
[from data line 3057]
     62.029  121.76702   25.20250    21.0877    34.0568    23.7555     5.9725  0.000e+00
     61.971  121.76702   25.20250    21.0862    34.0568    23.7559     5.9761  0.000e+00
     61.971  121.76702   25.20250    21.0869    34.0557    23.7549     5.9756  0.000e+00
     61.978  121.76702   25.20250    21.0872    34.0576    23.7562     5.9749  0.000e+00
     61.920  121.76702   25.20250    21.0935    34.0580    23.7548     5.9777  0.000e+00
     61.920  121.76702   25.20250    21.0982    34.0570    23.7528     5.9766  0.000e+00
     61.920  121.76702   25.20250    21.1005    34.0560    23.7514     5.9755  0.000e+00
     61.971  121.76702   25.20250    21.1019    34.0545    23.7499     5.9787  0.000e+00
     61.920  121.76702   25.20250    21.0998    34.0537    23.7498     5.9823  0.000e+00
     61.862  121.76702   25.20250    21.0937    34.0518    23.7500     5.9822  0.000e+00
     61.920  121.76702   25.20250    21.0811    34.0541    23.7552     5.9870  0.000e+00
     61.862  121.76702   25.20250    21.0747    34.0557    23.7582     5.9871  0.000e+00
     61.862  121.76702   25.20250    21.0727    34.0584    23.7607     5.9865  0.000e+00
     61.927  121.76702   25.20250    21.0773    34.0599    23.7607     5.9853  0.000e+00
     61.862  121.76702   25.20250    21.0854    34.0593    23.7580     5.9879  0.000e+00
     61.811  121.76702   25.20250    21.0905    34.0589    23.7563     5.9867  0.000e+00
     61.811  121.76702   25.20250    21.0925    34.0595    23.7562     5.9859  0.000e+00
     61.760  121.76702   25.20250    21.0942    34.0575    23.7542     5.9894  0.000e+00
     61.811  121.76702   25.20250    21.0930    34.0572    23.7544     5.9895  0.000e+00
     61.811  121.76702   25.20250    21.0919    34.0571    23.7546     5.9931  0.000e+00
     61.760  121.76702   25.20250    21.0904    34.0568    23.7547     5.9932  0.000e+00
     61.702  121.76702   25.20250    21.0883    34.0562    23.7549     5.9931  0.000e+00
     61.702  121.76702   25.20250    21.0860    34.0562    23.7555     5.9970  0.000e+00
     61.702  121.76702   25.20250    21.0864    34.0586    23.7572     6.0009  0.000e+00
     61.709  121.76702   25.20250    21.0879    34.0574    23.7559     6.0007  0.000e+00
     61.760  121.76702   25.20250    21.0825    34.0573    23.7573     6.0013  0.000e+00
     61.651  121.76702   25.20250    21.0785    34.0576    23.7586     6.0055  0.000e+00
     61.542  121.76702   25.20250    21.0745    34.0601    23.7615     6.0098  0.000e+00
     61.593  121.76702   25.20250    21.0759    34.0591    23.7604     6.0098  0.000e+00
     61.651  121.76702   25.20250    21.0754    34.0593    23.7607     6.0098  0.000e+00
     61.651  121.76702   25.20250    21.0752    34.0603    23.7615     6.0097  0.000e+00
     61.593  121.76702   25.20250    21.0764    34.0602    23.7611     6.0137  0.000e+00
     61.542  121.76702   25.20250    21.0755    34.0605    23.7616     6.0138  0.000e+00
     61.491  121.76702   25.20250    21.0762    34.0610    23.7618     6.0177  0.000e+00
     61.499  121.76702   25.20250    21.0776    34.0599    23.7605     6.0178  0.000e+00
     61.491  121.76702   25.20250    21.0747    34.0599    23.7614     6.0180  0.000e+00
     61.491  121.76702   25.20250    21.0724    34.0600    23.7621     6.0183  0.000e+00
     61.433  121.76702   25.20250    21.0710    34.0618    23.7638     6.0224  0.000e+00
     61.433  121.76702   25.20250    21.0736    34.0603    23.7620     6.0261  0.000e+00
     61.324  121.76702   25.20250    21.0736    34.0591    23.7610     6.0263  0.000e+00
     61.383  121.76702   25.20250    21.0696    34.0590    23.7621     6.0268  0.000e+00
     61.383  121.76702   25.20250    21.0652    34.0618    23.7654     6.0270  0.000e+00
     61.324  121.76702   25.20250    21.0671    34.0599    23.7634     6.0266  0.000e+00
     61.281  121.76702   25.20250    21.0637    34.0608    23.7650     6.0307  0.000e+00
     61.274  121.76702   25.20250    21.0630    34.0606    23.7650     6.0308  0.000e+00
     61.274  121.76702   25.20250    21.0602    34.0615    23.7665     6.0309  0.000e+00
     61.216  121.76702   25.20250    21.0625    34.0617    23.7660     6.0301  0.000e+00
     61.216  121.76702   25.20250    21.0631    34.0613    23.7655     6.0294  0.000e+00
     61.216  121.76702   25.20250    21.0602    34.0609    23.7661     6.0292  0.000e+00
     61.114  121.76702   25.20250    21.0565    34.0619    23.7678     6.0287  0.000e+00
     61.165  121.76702   25.20250    21.0569    34.0645    23.7696     6.0320  0.000e+00
     61.056  121.76702   25.20250    21.0658    34.0662    23.7685     6.0303  0.000e+00
     61.121  121.76702   25.20250    21.0759    34.0630    23.7633     6.0285  0.000e+00
     61.005  121.76702   25.20250    21.0759    34.0616    23.7623     6.0278  0.000e+00
     61.056  121.76702   25.20250    21.0761    34.0610    23.7618     6.0269  0.000e+00
     61.056  121.76702   25.20250    21.0762    34.0612    23.7619     6.0258  0.000e+00
     60.947  121.76702   25.20250    21.0790    34.0617    23.7616     6.0203  0.000e+00
     60.947  121.76702   25.20250    21.0821    34.0602    23.7595     6.0188  0.000e+00
     60.947  121.76702   25.20250    21.0821    34.0602    23.7595     6.0175  0.000e+00
     60.896  121.76702   25.20250    21.0827    34.0600    23.7592     6.0163  0.000e+00
     60.896  121.76702   25.20250    21.0838    34.0606    23.7594     6.0148  0.000e+00
     60.853  121.76702   25.20250    21.0848    34.0603    23.7589     6.0133  0.000e+00
     60.845  121.76702   25.20250    21.0860    34.0655    23.7625     6.0114  0.000e+00
     60.787  121.76702   25.20250    21.1034    34.0633    23.7561     6.0122  0.000e+00
     60.787  121.76702   25.20250    21.1096    34.0574    23.7500     6.0104  0.000e+00
     60.736  121.76702   25.20250    21.1040    34.0564    23.7507     6.0096  0.000e+00
     60.678  121.76702   25.20250    21.0991    34.0576    23.7530     6.0088  0.000e+00
     60.737  121.76702   25.20250    21.0977    34.0591    23.7545     6.0075  0.000e+00
     60.737  121.76702   25.20250    21.1048    34.0649    23.7569     6.0053  0.000e+00
     60.635  121.76702   25.20250    21.1286    34.0606    23.7472     6.0014  0.000e+00
     60.628  121.76702   25.20250    21.1340    34.0552    23.7416     5.9995  0.000e+00
     60.570  121.76702   25.20250    21.1289    34.0550    23.7429     5.9988  0.000e+00
     60.570  121.76702   25.20250    21.1298    34.0579    23.7448     5.9975  0.000e+00
     60.570  121.76702   25.20250    21.1405    34.0610    23.7443     5.9991  0.000e+00
     60.519  121.76702   25.20250    21.1618    34.0614    23.7388     5.9957  0.000e+00
     60.519  121.76702   25.20250    21.1894    34.0557    23.7270     5.9921  0.000e+00
     60.410  121.76702   25.20250    21.2027    34.0464    23.7162     5.9903  0.000e+00
     60.417  121.76702   25.20250    21.1979    34.0446    23.7162     5.9943  0.000e+00
     60.468  121.76702   25.20250    21.1930    34.0471    23.7194     5.9943  0.000e+00
     60.410  121.76702   25.20250    21.1931    34.0489    23.7208     5.9936  0.000e+00
     60.359  121.76702   25.20250    21.2016    34.0515    23.7205     5.9962  0.000e+00
     60.301  121.76702   25.20248    21.2203    34.0495    23.7138     5.9940  0.000e+00
     60.301  121.76702   25.20248    21.2298    34.0462    23.7087     5.9931  0.000e+00
     60.301  121.76702   25.20248    21.2294    34.0444    23.7074     5.9931  0.000e+00
     60.250  121.76702   25.20248    21.2276    34.0451    23.7085     5.9930  0.000e+00
     60.207  121.76702   25.20248    21.2302    34.0460    23.7085     5.9966  0.000e+00
     60.250  121.76702   25.20248    21.2344    34.0444    23.7061     5.9964  0.000e+00
     60.141  121.76702   25.20248    21.2363    34.0445    23.7057     6.0007  0.000e+00
     60.199  121.76702   25.20248    21.2376    34.0441    23.7050     5.9971  0.000e+00
     60.090  121.76702   25.20248    21.2379    34.0431    23.7042     6.0015  0.000e+00
     60.090  121.76702   25.20248    21.2345    34.0401    23.7028     6.0024  0.000e+00
     60.032  121.76702   25.20248    21.2259    34.0423    23.7068     6.0037  0.000e+00
     60.040  121.76702   25.20248    21.2237    34.0424    23.7075     6.0045  0.000e+00
     59.982  121.76702   25.20248    21.2196    34.0418    23.7081     6.0055  0.000e+00
     60.032  121.76702   25.20248    21.2141    34.0437    23.7111     6.0066  0.000e+00
     59.931  121.76702   25.20248    21.2088    34.0444    23.7130     6.0074  0.000e+00
     59.931  121.76702   25.20248    21.2008    34.0440    23.7149     6.0087  0.000e+00
     59.931  121.76702   25.20248    21.1913    34.0460    23.7190     6.0099  0.000e+00
     59.822  121.76702   25.20248    21.1868    34.0484    23.7221     6.0104  0.000e+00
     59.829  121.76702   25.20248    21.1856    34.0489    23.7228     6.0110  0.000e+00
     59.822  121.76702   25.20248    21.1842    34.0493    23.7235     6.0073  0.000e+00
     59.822  121.76702   25.20248    21.1827    34.0505    23.7248     6.0116  0.000e+00
     59.764  121.76702   25.20248    21.1824    34.0504    23.7248     6.0118  0.000e+00
     59.713  121.76702   25.20248    21.1808    34.0503    23.7252     6.0122  0.000e+00
     59.713  121.76702   25.20248    21.1784    34.0499    23.7255     6.0126  0.000e+00
     59.655  121.76702   25.20248    21.1770    34.0509    23.7267     6.0124  0.000e+00
     59.669  121.76702   25.20248    21.1770    34.0513    23.7269     6.0121  0.000e+00
     59.655  121.76702   25.20248    21.1749    34.0487    23.7255     6.0121  0.000e+00
     59.604  121.76702   25.20248    21.1626    34.0492    23.7293     6.0129  0.000e+00
     59.604  121.76702   25.20248    21.1539    34.0522    23.7339     6.0133  0.000e+00
     59.495  121.76702   25.20248    21.1527    34.0538    23.7354     6.0127  0.000e+00
     59.604  121.76702   25.20248    21.1534    34.0556    23.7366     6.0120  0.000e+00
     59.495  121.76702   25.20248    21.1576    34.0569    23.7365     6.0109  0.000e+00
     59.502  121.76702   25.20248    21.1580    34.0547    23.7346     6.0146  0.000e+00
     59.495  121.76702   25.20248    21.1495    34.0594    23.7406     6.0151  0.000e+00
     59.444  121.76702   25.20248    21.1653    34.0573    23.7347     6.0131  0.000e+00
     59.386  121.76702   25.20248    21.1798    34.0529    23.7274     6.0112  0.000e+00
     59.444  121.76702   25.20248    21.1853    34.0489    23.7229     6.0144  0.000e+00
     59.444  121.76702   25.20248    21.1813    34.0511    23.7256     6.0145  0.000e+00
     59.336  121.76702   25.20248    21.1815    34.0522    23.7264     6.0140  0.000e+00
     59.343  121.76702   25.20248    21.1819    34.0517    23.7259     6.0135  0.000e+00
     59.386  121.76702   25.20248    21.1813    34.0516    23.7260     6.0131  0.000e+00
     59.336  121.76702   25.20248    21.1806    34.0519    23.7264     6.0169  0.000e+00
     59.336  121.76702   25.20248    21.1838    34.0520    23.7256     6.0164  0.000e+00
     59.285  121.76702   25.20248    21.1867    34.0512    23.7242     6.0159  0.000e+00
     59.285  121.76702   25.20248    21.1887    34.0494    23.7223     6.0155  0.000e+00
     59.292  121.76702   25.20248    21.1857    34.0482    23.7222     6.0158  0.000e+00
     59.336  121.76702   25.20248    21.1803    34.0495    23.7246     6.0203  0.000e+00
     59.227  121.76702   25.20248    21.1784    34.0509    23.7262     6.0205  0.000e+00
     59.227  121.76700   25.20248    21.1763    34.0503    23.7263     6.0169  0.000e+00
     59.285  121.76700   25.20248    21.1698    34.0513    23.7288     6.0217  0.000e+00
     59.227  121.76700   25.20248    21.1653    34.0528    23.7313     6.0222  0.000e+00
     59.227  121.76700   25.20248    21.1640    34.0535    23.7321     6.0265  0.000e+00
     59.183  121.76700   25.20248    21.1628    34.0537    23.7326     6.0269  0.000e+00
     59.176  121.76700   25.20248    21.1617    34.0541    23.7332     6.0275  0.000e+00
     59.227  121.76700   25.20248    21.1654    34.0561    23.7337     6.0275  0.000e+00
     59.227  121.76700   25.20248    21.1770    34.0607    23.7341     6.0267  0.000e+00
     59.176  121.76700   25.20248    21.1806    34.0705    23.7406     6.0262  0.000e+00
     59.176  121.76700   25.20248    21.1936    34.0762    23.7414     6.0251  0.000e+00
     59.183  121.76700   25.20248    21.2118    34.0661    23.7287     6.0239  0.000e+00
     59.176  121.76700   25.20248    21.2324    34.0707    23.7266     6.0219  0.000e+00
     59.176  121.76700   25.20248    21.2909    34.0583    23.7012     6.0162  0.000e+00
     59.176  121.76700   25.20248    21.3306    34.0508    23.6847     6.0124  0.000e+00
     59.118  121.76700   25.20248    21.3538    34.0390    23.6694     6.0146  0.000e+00
     59.176  121.76700   25.20248    21.3478    34.0406    23.6722     6.0115  0.000e+00
     59.176  121.76700   25.20248    21.3510    34.0418    23.6723     6.0153  0.000e+00
     59.183  121.76700   25.20248    21.3634    34.0348    23.6636     6.0104  0.000e+00
     59.118  121.76700   25.20248    21.3526    34.0279    23.6612     6.0117  0.000e+00
     59.118  121.76700   25.20248    21.3314    34.0303    23.6689     6.0139  0.000e+00
     59.118  121.76700   25.20248    21.3136    34.0418    23.6825     6.0149  0.000e+00
     59.176  121.76700   25.20248    21.3317    34.0450    23.6800     6.0127  0.000e+00
     59.118  121.76700   25.20248    21.3568    34.0407    23.6699     6.0097  0.000e+00
     59.074  121.76700   25.20248    21.3697    34.0361    23.6628     6.0040  0.000e+00
     59.118  121.76700   25.20248    21.3769    34.0322    23.6579     6.0027  0.000e+00
     59.118  121.76700   25.20248    21.3798    34.0301    23.6555     6.0058  0.000e+00
     59.118  121.76700   25.20248    21.3809    34.0310    23.6559     6.0052  0.000e+00
     59.067  121.76700   25.20248    21.3844    34.0306    23.6546     6.0042  0.000e+00
     59.067  121.76700   25.20248    21.3882    34.0306    23.6536     6.0031  0.000e+00
     59.118  121.76700   25.20248    21.3917    34.0295    23.6518     6.0022  0.000e+00
     59.125  121.76700   25.20248    21.3936    34.0293    23.6511     6.0012  0.000e+00
     59.067  121.76700   25.20248    21.3952    34.0299    23.6511     6.0002  0.000e+00
     59.016  121.76700   25.20248    21.3973    34.0284    23.6494     6.0032  0.000e+00
     59.016  121.76700   25.20248    21.3964    34.0291    23.6501     6.0030  0.000e+00
     59.067  121.76700   25.20248    21.3973    34.0303    23.6509     6.0024  0.000e+00
     59.067  121.76700   25.20248    21.4013    34.0297    23.6493     6.0016  0.000e+00
     59.074  121.76700   25.20248    21.4043    34.0285    23.6475     6.0049  0.000e+00
     58.958  121.76700   25.20248    21.4034    34.0284    23.6477     6.0007  0.000e+00
     58.958  121.76700   25.20248    21.4029    34.0280    23.6475     6.0005  0.000e+00
     59.016  121.76700   25.20248    21.4036    34.0280    23.6474     6.0000  0.000e+00
     59.016  121.76700   25.20248    21.4048    34.0287    23.6475     5.9994  0.000e+00
     58.907  121.76700   25.20248    21.4059    34.0296    23.6479     5.9987  0.000e+00
     58.966  121.76700   25.20248    21.4087    34.0284    23.6463     5.9982  0.000e+00
     58.907  121.76700   25.20248    21.4092    34.0281    23.6459     6.0020  0.000e+00
     58.958  121.76700   25.20248    21.4096    34.0280    23.6457     6.0019  0.000e+00
     58.907  121.76700   25.20248    21.4088    34.0279    23.6459     6.0019  0.000e+00
     58.907  121.76700   25.20248    21.4087    34.0280    23.6460     6.0018  0.000e+00
     58.849  121.76700   25.20248    21.4083    34.0284    23.6464     6.0018  0.000e+00
     58.806  121.76700   25.20248    21.4071    34.0284    23.6467     6.0020  0.000e+00
