CTD/8-1.cnv
* Sea-Bird SBE 9 Data File:
* FileName = D:\ctddata\cr2381\8-1.hex
* Software Version Seasave V 7.20g
* Temperature SN = 6284
* Conductivity SN = 4751
* Number of Bytes Per Scan = 34
* Number of Voltage Words = 5
* Number of Scans Averaged by the Deck Unit = 1
* NMEA Latitude = 25 11.72 N
* NMEA Longitude = 121 45.80 E
* NMEA UTC (Time) = Oct 07 2019  03:40:08
** Ship: OR2
** Station: 8-1
** Operator: CR2381
# nquan = 8
# nvalues = 4216                                  
# units = specified
# name 0 = depSM: Depth [salt water, m]
# name 1 = longitude: Longitude [deg]
# name 2 = latitude: Latitude [deg]
# name 3 = t090C: Temperature [ITS-90, deg C]
# name 4 = sal00: Salinity, Practical [PSU]
# name 5 = sigma-é00: Density [sigma-theta, kg/m^3]
# name 6 = sbeox0Mg/L: Oxygen, SBE 43 [mg/l]
# name 7 = flag:  0.000e+00
# span 0 =      0.382,     45.042                 
# span 1 =  121.76298,  121.76348                 
# span 2 =   25.19548,   25.19566                 
# span 3 =    23.8956,    25.9196                 
# span 4 =    33.6843,    33.8218                 
# span 5 =    22.0874,    22.7829                 
# span 6 =     6.2849,     6.9046                 
# span 7 = 0.0000e+00, 0.0000e+00                 
# interval = seconds: 0.0416667
# start_time = Oct 07 2019 03:40:08 [NMEA time, header]
# bad_flag = -9.990e-29
*END*
[from data line 3596]
     14.738  121.76304   25.19564    25.0954    33.7127    22.3408     6.4291  0.000e+00
     14.709  121.76304   25.19564    25.0976    33.7131    22.3404     6.4286  0.000e+00
     14.767  121.76304   25.19564    25.1022    33.7131    22.3390     6.4318  0.000e+00
     14.658  121.76304   25.19564    25.1076    33.7148    22.3387     6.4311  0.000e+00
     14.767  121.76304   25.19564    25.1158    33.7126    22.3345     6.4303  0.000e+00
     14.607  121.76304   25.19564    25.1212    33.7144    22.3343     6.4297  0.000e+00
     14.738  121.76304   25.19564    25.1378    33.7139    22.3288     6.4281  0.000e+00
     14.607  121.76304   25.19564    25.1543    33.7121    22.3224     6.4263  0.000e+00
     14.658  121.76304   25.19564    25.1625    33.7100    22.3184     6.4255  0.000e+00
     14.607  121.76304   25.19564    25.1631    33.7085    22.3171     6.4295  0.000e+00
     14.607  121.76304   25.19564    25.1624    33.7084    22.3172     6.4298  0.000e+00
     14.549  121.76304   25.19564    25.1625    33.7077    22.3166     6.4261  0.000e+00
     14.578  121.76304   25.19564    25.1613    33.7081    22.3173     6.4261  0.000e+00
     14.549  121.76304   25.19564    25.1622    33.7083    22.3172     6.4298  0.000e+00
     14.498  121.76304   25.19564    25.1655    33.7082    22.3161     6.4259  0.000e+00
     14.549  121.76304   25.19564    25.1692    33.7079    22.3148     6.4258  0.000e+00
     14.440  121.76304   25.19564    25.1724    33.7080    22.3139     6.4255  0.000e+00
     14.498  121.76304   25.19564    25.1737    33.7079    22.3134     6.4256  0.000e+00
     14.440  121.76304   25.19564    25.1760    33.7074    22.3123     6.4255  0.000e+00
     14.419  121.76304   25.19564    25.1758    33.7073    22.3123     6.4295  0.000e+00
     14.440  121.76304   25.19564    25.1741    33.7079    22.3133     6.4301  0.000e+00
     14.390  121.76304   25.19564    25.1745    33.7072    22.3126     6.4301  0.000e+00
     14.389  121.76304   25.19564    25.1746    33.7081    22.3133     6.4303  0.000e+00
     14.390  121.76304   25.19564    25.1744    33.7076    22.3129     6.4309  0.000e+00
     14.281  121.76304   25.19564    25.1742    33.7076    22.3130     6.4349  0.000e+00
     14.368  121.76304   25.19564    25.1732    33.7079    22.3135     6.4355  0.000e+00
     14.339  121.76304   25.19564    25.1717    33.7082    22.3142     6.4398  0.000e+00
     14.281  121.76304   25.19564    25.1718    33.7081    22.3141     6.4365  0.000e+00
     14.230  121.76304   25.19564    25.1715    33.7084    22.3144     6.4368  0.000e+00
     14.281  121.76304   25.19564    25.1715    33.7089    22.3148     6.4409  0.000e+00
     14.281  121.76304   25.19564    25.1714    33.7082    22.3143     6.4411  0.000e+00
     14.201  121.76304   25.19564    25.1706    33.7077    22.3142     6.4414  0.000e+00
     14.172  121.76304   25.19564    25.1688    33.7086    22.3154     6.4454  0.000e+00
     14.230  121.76304   25.19564    25.1695    33.7090    22.3155     6.4456  0.000e+00
     14.121  121.76304   25.19564    25.1704    33.7091    22.3153     6.4456  0.000e+00
     14.230  121.76304   25.19564    25.1721    33.7089    22.3146     6.4495  0.000e+00
     14.070  121.76304   25.19564    25.1731    33.7090    22.3144     6.4495  0.000e+00
     14.150  121.76304   25.19564    25.1735    33.7089    22.3142     6.4536  0.000e+00
     14.070  121.76304   25.19564    25.1739    33.7088    22.3140     6.4538  0.000e+00
     14.121  121.76304   25.19564    25.1749    33.7090    22.3138     6.4540  0.000e+00
     14.012  121.76304   25.19564    25.1763    33.7109    22.3148     6.4576  0.000e+00
     14.070  121.76304   25.19564    25.1835    33.7124    22.3138     6.4574  0.000e+00
     14.012  121.76304   25.19564    25.1932    33.7105    22.3094     6.4568  0.000e+00
     13.991  121.76304   25.19564    25.1971    33.7098    22.3077     6.4605  0.000e+00
     13.962  121.76304   25.19564    25.1953    33.7075    22.3065     6.4613  0.000e+00
     13.962  121.76304   25.19564    25.1898    33.7080    22.3086     6.4623  0.000e+00
     14.012  121.76304   25.19564    25.1907    33.7100    22.3098     6.4625  0.000e+00
     13.904  121.76304   25.19564    25.1957    33.7095    22.3079     6.4661  0.000e+00
     13.882  121.76304   25.19564    25.1984    33.7088    22.3065     6.4664  0.000e+00
     13.904  121.76304   25.19564    25.2010    33.7096    22.3063     6.4666  0.000e+00
     13.853  121.76304   25.19564    25.2059    33.7095    22.3048     6.4664  0.000e+00
     13.853  121.76304   25.19564    25.2084    33.7081    22.3030     6.4705  0.000e+00
     13.853  121.76304   25.19564    25.2088    33.7077    22.3026     6.4673  0.000e+00
     13.802  121.76304   25.19564    25.2114    33.7079    22.3019     6.4712  0.000e+00
     13.773  121.76304   25.19564    25.2131    33.7078    22.3013     6.4714  0.000e+00
     13.802  121.76304   25.19564    25.2132    33.7082    22.3016     6.4718  0.000e+00
     13.802  121.76304   25.19564    25.2136    33.7077    22.3010     6.4721  0.000e+00
     13.693  121.76304   25.19564    25.2137    33.7073    22.3007     6.4761  0.000e+00
     13.744  121.76304   25.19564    25.2123    33.7069    22.3009     6.4768  0.000e+00
     13.693  121.76304   25.19564    25.2097    33.7060    22.3009     6.4814  0.000e+00
     13.664  121.76304   25.19564    25.2062    33.7070    22.3028     6.4821  0.000e+00
     13.693  121.76304   25.19564    25.2066    33.7080    22.3034     6.4785  0.000e+00
     13.635  121.76304   25.19564    25.2089    33.7084    22.3030     6.4821  0.000e+00
     13.584  121.76304   25.19564    25.2138    33.7107    22.3033     6.4815  0.000e+00
     13.635  121.76304   25.19564    25.2226    33.7103    22.3003     6.4805  0.000e+00
     13.555  121.76304   25.19564    25.2283    33.7086    22.2973     6.4835  0.000e+00
     13.534  121.76304   25.19564    25.2305    33.7084    22.2964     6.4832  0.000e+00
     13.584  121.76304   25.19564    25.2367    33.7100    22.2958     6.4861  0.000e+00
     13.534  121.76304   25.19564    25.2474    33.7090    22.2918     6.4850  0.000e+00
     13.476  121.76304   25.19564    25.2517    33.7079    22.2896     6.4845  0.000e+00
     13.476  121.76304   25.19564    25.2524    33.7071    22.2888     6.4844  0.000e+00
     13.454  121.76304   25.19564    25.2541    33.7069    22.2881     6.4840  0.000e+00
     13.425  121.76304   25.19564    25.2567    33.7065    22.2871     6.4833  0.000e+00
     13.425  121.76304   25.19564    25.2603    33.7066    22.2860     6.4827  0.000e+00
     13.425  121.76304   25.19564    25.2639    33.7071    22.2853     6.4820  0.000e+00
     13.367  121.76304   25.19564    25.2676    33.7078    22.2847     6.4812  0.000e+00
     13.345  121.76304   25.19564    25.2736    33.7063    22.2818     6.4801  0.000e+00
     13.316  121.76304   25.19564    25.2744    33.7062    22.2814     6.4793  0.000e+00
     13.316  121.76304   25.19564    25.2732    33.7075    22.2828     6.4789  0.000e+00
     13.316  121.76304   25.19564    25.2766    33.7075    22.2817     6.4778  0.000e+00
     13.265  121.76304   25.19564    25.2818    33.7065    22.2794     6.4727  0.000e+00
     13.207  121.76304   25.19564    25.2851    33.7060    22.2780     6.4715  0.000e+00
     13.236  121.76304   25.19564    25.2879    33.7055    22.2768     6.4704  0.000e+00
     13.207  121.76304   25.19564    25.2900    33.7060    22.2765     6.4691  0.000e+00
     13.157  121.76304   25.19564    25.2937    33.7061    22.2754     6.4678  0.000e+00
     13.207  121.76304   25.19564    25.2962    33.7046    22.2735     6.4667  0.000e+00
     13.157  121.76304   25.19564    25.2943    33.7030    22.2729     6.4700  0.000e+00
     13.128  121.76304   25.19564    25.2920    33.7032    22.2738     6.4658  0.000e+00
     13.048  121.76304   25.19564    25.2902    33.7038    22.2748     6.4688  0.000e+00
     13.099  121.76304   25.19564    25.2907    33.7066    22.2767     6.4644  0.000e+00
     13.048  121.76304   25.19564    25.2989    33.7069    22.2745     6.4626  0.000e+00
     13.048  121.76304   25.19564    25.3063    33.7057    22.2713     6.4610  0.000e+00
     12.968  121.76304   25.19564    25.3098    33.7052    22.2699     6.4637  0.000e+00
     12.990  121.76304   25.19564    25.3138    33.7043    22.2680     6.4628  0.000e+00
     12.939  121.76304   25.19564    25.3174    33.7037    22.2664     6.4618  0.000e+00
     12.888  121.76304   25.19564    25.3188    33.7027    22.2652     6.4573  0.000e+00
     12.990  121.76304   25.19564    25.3194    33.7024    22.2648     6.4566  0.000e+00
     12.859  121.76304   25.19564    25.3195    33.7018    22.2644     6.4559  0.000e+00
     12.830  121.76304   25.19564    25.3192    33.7023    22.2648     6.4551  0.000e+00
     12.888  121.76304   25.19564    25.3199    33.7025    22.2647     6.4543  0.000e+00
     12.830  121.76304   25.19564    25.3215    33.7028    22.2644     6.4535  0.000e+00
     12.779  121.76304   25.19564    25.3247    33.7021    22.2630     6.4561  0.000e+00
     12.700  121.76304   25.19564    25.3270    33.7016    22.2619     6.4554  0.000e+00
     12.830  121.76304   25.19564    25.3293    33.7016    22.2612     6.4548  0.000e+00
     12.721  121.76304   25.19564    25.3326    33.7018    22.2603     6.4576  0.000e+00
     12.721  121.76304   25.19564    25.3383    33.7038    22.2601     6.4528  0.000e+00
     12.671  121.76304   25.19564    25.3492    33.7014    22.2549     6.4513  0.000e+00
     12.642  121.76304   25.19564    25.3585    33.6977    22.2493     6.4500  0.000e+00
     12.671  121.76304   25.19564    25.3684    33.6968    22.2457     6.4526  0.000e+00
     12.562  121.76304   25.19564    25.3795    33.6958    22.2415     6.4475  0.000e+00
     12.620  121.76304   25.19564    25.3831    33.6972    22.2415     6.4504  0.000e+00
     12.562  121.76304   25.19564    25.3870    33.6982    22.2410     6.4499  0.000e+00
     12.540  121.76304   25.19564    25.3933    33.6978    22.2388     6.4491  0.000e+00
     12.511  121.76304   25.19564    25.4005    33.6970    22.2360     6.4520  0.000e+00
     12.511  121.76304   25.19564    25.4041    33.6959    22.2340     6.4519  0.000e+00
     12.511  121.76304   25.19564    25.4054    33.6956    22.2334     6.4559  0.000e+00
     12.453  121.76304   25.19564    25.4080    33.6968    22.2335     6.4600  0.000e+00
     12.373  121.76304   25.19564    25.4167    33.6981    22.2319     6.4598  0.000e+00
     12.402  121.76304   25.19564    25.4242    33.6980    22.2295     6.4598  0.000e+00
     12.402  121.76302   25.19564    25.4295    33.6976    22.2276     6.4600  0.000e+00
     12.352  121.76302   25.19564    25.4337    33.6977    22.2263     6.4640  0.000e+00
     12.293  121.76302   25.19564    25.4369    33.6977    22.2253     6.4683  0.000e+00
     12.323  121.76302   25.19564    25.4390    33.6969    22.2242     6.4730  0.000e+00
     12.294  121.76302   25.19564    25.4400    33.6970    22.2239     6.4741  0.000e+00
     12.243  121.76302   25.19564    25.4417    33.6971    22.2235     6.4750  0.000e+00
     12.243  121.76302   25.19564    25.4446    33.6978    22.2231     6.4796  0.000e+00
     12.243  121.76302   25.19564    25.4472    33.6981    22.2225     6.4843  0.000e+00
     12.163  121.76302   25.19564    25.4492    33.6982    22.2220     6.4854  0.000e+00
     12.134  121.76302   25.19564    25.4515    33.6982    22.2212     6.4902  0.000e+00
     12.134  121.76302   25.19564    25.4533    33.6981    22.2207     6.4912  0.000e+00
     12.083  121.76302   25.19564    25.4549    33.6985    22.2204     6.4921  0.000e+00
     12.105  121.76302   25.19564    25.4567    33.6987    22.2200     6.4967  0.000e+00
     12.083  121.76302   25.19564    25.4588    33.6989    22.2196     6.4976  0.000e+00
     12.025  121.76302   25.19564    25.4605    33.6993    22.2194     6.5059  0.000e+00
     12.025  121.76302   25.19564    25.4608    33.6988    22.2189     6.5072  0.000e+00
     11.974  121.76302   25.19564    25.4610    33.6978    22.2180     6.5124  0.000e+00
     11.945  121.76302   25.19564    25.4622    33.6990    22.2186     6.5172  0.000e+00
     11.974  121.76302   25.19564    25.4660    33.7000    22.2182     6.5183  0.000e+00
     11.865  121.76302   25.19564    25.4701    33.6992    22.2163     6.5190  0.000e+00
     11.916  121.76302   25.19564    25.4712    33.6990    22.2158     6.5238  0.000e+00
     11.894  121.76302   25.19564    25.4721    33.6994    22.2159     6.5286  0.000e+00
     11.865  121.76302   25.19564    25.4737    33.7000    22.2158     6.5298  0.000e+00
     11.865  121.76302   25.19564    25.4766    33.6999    22.2148     6.5345  0.000e+00
     11.757  121.76302   25.19564    25.4797    33.6993    22.2134     6.5354  0.000e+00
     11.815  121.76302   25.19564    25.4803    33.6993    22.2133     6.5401  0.000e+00
     11.728  121.76302   25.19564    25.4795    33.7000    22.2140     6.5448  0.000e+00
     11.757  121.76302   25.19564    25.4810    33.6993    22.2130     6.5495  0.000e+00
     11.757  121.76302   25.19564    25.4819    33.6985    22.2122     6.5542  0.000e+00
     11.706  121.76302   25.19564    25.4825    33.6985    22.2120     6.5551  0.000e+00
     11.626  121.76302   25.19564    25.4817    33.6986    22.2123     6.5597  0.000e+00
     11.757  121.76302   25.19564    25.4812    33.6980    22.2120     6.5609  0.000e+00
     11.648  121.76302   25.19564    25.4806    33.6980    22.2121     6.5617  0.000e+00
     11.597  121.76302   25.19564    25.4801    33.6987    22.2129     6.5661  0.000e+00
     11.648  121.76302   25.19564    25.4803    33.6978    22.2121     6.5670  0.000e+00
     11.568  121.76302   25.19564    25.4802    33.6983    22.2125     6.5712  0.000e+00
     11.597  121.76302   25.19564    25.4801    33.6979    22.2122     6.5716  0.000e+00
     11.597  121.76302   25.19564    25.4794    33.6982    22.2127     6.5757  0.000e+00
     11.546  121.76302   25.19564    25.4797    33.6986    22.2129     6.5797  0.000e+00
     11.517  121.76302   25.19564    25.4803    33.6987    22.2128     6.5798  0.000e+00
     11.546  121.76302   25.19564    25.4812    33.6993    22.2130     6.5798  0.000e+00
     11.488  121.76302   25.19564    25.4818    33.6995    22.2129     6.5834  0.000e+00
     11.488  121.76302   25.19564    25.4824    33.6998    22.2130     6.5832  0.000e+00
     11.488  121.76302   25.19564    25.4837    33.6999    22.2126     6.5829  0.000e+00
     11.459  121.76302   25.19564    25.4849    33.6999    22.2123     6.5861  0.000e+00
     11.438  121.76302   25.19564    25.4862    33.7011    22.2128     6.5857  0.000e+00
     11.438  121.76302   25.19564    25.4899    33.7013    22.2118     6.5851  0.000e+00
     11.380  121.76302   25.19564    25.4923    33.7006    22.2106     6.5844  0.000e+00
     11.409  121.76302   25.19564    25.4946    33.6996    22.2091     6.5873  0.000e+00
     11.438  121.76302   25.19564    25.4968    33.6992    22.2081     6.5865  0.000e+00
     11.380  121.76302   25.19564    25.4991    33.6986    22.2069     6.5855  0.000e+00
     11.329  121.76302   25.19564    25.5003    33.6986    22.2066     6.5809  0.000e+00
     11.358  121.76302   25.19564    25.5014    33.6985    22.2062     6.5837  0.000e+00
     11.329  121.76302   25.19564    25.5023    33.6987    22.2061     6.5827  0.000e+00
     11.329  121.76302   25.19564    25.5043    33.6982    22.2051     6.5815  0.000e+00
     11.329  121.76302   25.19564    25.5063    33.6979    22.2042     6.5802  0.000e+00
     11.329  121.76302   25.19564    25.5071    33.6978    22.2039     6.5829  0.000e+00
     11.300  121.76302   25.19564    25.5068    33.6974    22.2037     6.5819  0.000e+00
     11.271  121.76302   25.19564    25.5064    33.6972    22.2037     6.5848  0.000e+00
     11.271  121.76302   25.19564    25.5061    33.6977    22.2041     6.5838  0.000e+00
