CTD/8-1.cnv
* Sea-Bird SBE 9 Data File:
* FileName = D:\ctddata\cr2381\8-1.hex
* Software Version Seasave V 7.20g
* Temperature SN = 6284
* Conductivity SN = 4751
* Number of Bytes Per Scan = 34
* Number of Voltage Words = 5
* Number of Scans Averaged by the Deck Unit = 1
* NMEA Latitude = 25 11.72 N
* NMEA Longitude = 121 45.80 E
* NMEA UTC (Time) = Oct 07 2019  03:40:08
** Ship: OR2
** Station: 8-1
** Operator: CR2381
# nquan = 8
# nvalues = 4216                                  
# units = specified
# name 0 = depSM: Depth [salt water, m]
# name 1 = longitude: Longitude [deg]
# name 2 = latitude: Latitude [deg]
# name 3 = t090C: Temperature [ITS-90, deg C]
# name 4 = sal00: Salinity, Practical [PSU]
# name 5 = sigma-é00: Density [sigma-theta, kg/m^3]
# name 6 = sbeox0Mg/L: Oxygen, SBE 43 [mg/l]
# name 7 = flag:  0.000e+00
# span 0 =      0.382,     45.042                 
# span 1 =  121.76298,  121.76348                 
# span 2 =   25.19548,   25.19566                 
# span 3 =    23.8956,    25.9196                 
# span 4 =    33.6843,    33.8218                 
# span 5 =    22.0874,    22.7829                 
# span 6 =     6.2849,     6.9046                 
# span 7 = 0.0000e+00, 0.0000e+00                 
# interval = seconds: 0.0416667
# start_time = Oct 07 2019 03:40:08 [NMEA time, header]
# bad_flag = -9.990e-29
*END*
[from data line 360]
      5.250  121.76342   25.19550    25.7911    33.7076    22.1236     6.8759  0.000e+00
      5.221  121.76342   25.19550    25.7887    33.7064    22.1234     6.8763  0.000e+00
      5.308  121.76342   25.19550    25.7846    33.7056    22.1241     6.8773  0.000e+00
      5.308  121.76342   25.19550    25.7816    33.7055    22.1249     6.8779  0.000e+00
      5.330  121.76342   25.19550    25.7790    33.7050    22.1253     6.8786  0.000e+00
      5.359  121.76342   25.19550    25.7762    33.7038    22.1253     6.8794  0.000e+00
      5.431  121.76342   25.19550    25.7735    33.7033    22.1258     6.8801  0.000e+00
      5.409  121.76342   25.19550    25.7708    33.7033    22.1267     6.8809  0.000e+00
      5.409  121.76342   25.19550    25.7693    33.7035    22.1272     6.8815  0.000e+00
      5.489  121.76342   25.19550    25.7683    33.7036    22.1276     6.8821  0.000e+00
      5.518  121.76342   25.19550    25.7679    33.7037    22.1278     6.8826  0.000e+00
      5.518  121.76342   25.19550    25.7683    33.7039    22.1278     6.8830  0.000e+00
      5.540  121.76342   25.19550    25.7688    33.7041    22.1279     6.8834  0.000e+00
      5.627  121.76342   25.19550    25.7690    33.7041    22.1278     6.8838  0.000e+00
      5.576  121.76342   25.19550    25.7684    33.7036    22.1276     6.8843  0.000e+00
      5.598  121.76342   25.19550    25.7679    33.7032    22.1274     6.8846  0.000e+00
      5.678  121.76342   25.19550    25.7669    33.7033    22.1279     6.8811  0.000e+00
      5.700  121.76342   25.19550    25.7665    33.7030    22.1277     6.8774  0.000e+00
      5.627  121.76342   25.19550    25.7654    33.7029    22.1280     6.8772  0.000e+00
      5.736  121.76342   25.19550    25.7649    33.7026    22.1279     6.8771  0.000e+00
      5.700  121.76342   25.19550    25.7645    33.7027    22.1281     6.8768  0.000e+00
      5.736  121.76342   25.19550    25.7643    33.7028    22.1282     6.8766  0.000e+00
      5.736  121.76342   25.19550    25.7641    33.7027    22.1283     6.8761  0.000e+00
      5.758  121.76342   25.19550    25.7645    33.7026    22.1280     6.8721  0.000e+00
      5.787  121.76342   25.19550    25.7654    33.7032    22.1282     6.8713  0.000e+00
      5.787  121.76342   25.19550    25.7663    33.7031    22.1279     6.8705  0.000e+00
      5.808  121.76342   25.19550    25.7663    33.7032    22.1280     6.8698  0.000e+00
      5.845  121.76342   25.19550    25.7659    33.7035    22.1283     6.8692  0.000e+00
      5.787  121.76342   25.19550    25.7661    33.7034    22.1281     6.8646  0.000e+00
      5.867  121.76342   25.19550    25.7667    33.7034    22.1280     6.8637  0.000e+00
      5.896  121.76342   25.19550    25.7679    33.7043    22.1283     6.8627  0.000e+00
      5.845  121.76342   25.19550    25.7693    33.7052    22.1285     6.8618  0.000e+00
      5.867  121.76342   25.19550    25.7713    33.7054    22.1281     6.8569  0.000e+00
      5.896  121.76342   25.19550    25.7727    33.7045    22.1269     6.8597  0.000e+00
      5.917  121.76342   25.19550    25.7736    33.7047    22.1268     6.8590  0.000e+00
      5.896  121.76342   25.19550    25.7748    33.7049    22.1267     6.8547  0.000e+00
      5.896  121.76342   25.19550    25.7756    33.7052    22.1266     6.8578  0.000e+00
      5.968  121.76342   25.19550    25.7769    33.7053    22.1262     6.8572  0.000e+00
      5.896  121.76342   25.19550    25.7772    33.7050    22.1259     6.8568  0.000e+00
      5.946  121.76342   25.19550    25.7764    33.7046    22.1259     6.8602  0.000e+00
      5.968  121.76342   25.19550    25.7751    33.7041    22.1259     6.8566  0.000e+00
      5.946  121.76342   25.19550    25.7745    33.7036    22.1257     6.8562  0.000e+00
      5.946  121.76342   25.19550    25.7729    33.7031    22.1259     6.8560  0.000e+00
      6.026  121.76342   25.19550    25.7722    33.7032    22.1262     6.8557  0.000e+00
      6.004  121.76342   25.19550    25.7733    33.7036    22.1261     6.8589  0.000e+00
      6.004  121.76342   25.19550    25.7737    33.7040    22.1263     6.8549  0.000e+00
      5.968  121.76342   25.19550    25.7733    33.7036    22.1261     6.8585  0.000e+00
      6.004  121.76342   25.19550    25.7727    33.7038    22.1264     6.8587  0.000e+00
      6.055  121.76342   25.19550    25.7731    33.7038    22.1263     6.8588  0.000e+00
      6.026  121.76342   25.19550    25.7736    33.7043    22.1266     6.8590  0.000e+00
      6.004  121.76342   25.19550    25.7749    33.7046    22.1264     6.8592  0.000e+00
      6.077  121.76342   25.19550    25.7756    33.7052    22.1266     6.8595  0.000e+00
      6.055  121.76342   25.19550    25.7764    33.7051    22.1263     6.8598  0.000e+00
      6.055  121.76342   25.19550    25.7767    33.7047    22.1259     6.8602  0.000e+00
      6.135  121.76342   25.19550    25.7757    33.7037    22.1255     6.8609  0.000e+00
      6.113  121.76342   25.19550    25.7729    33.7032    22.1259     6.8579  0.000e+00
      6.113  121.76342   25.19550    25.7710    33.7018    22.1254     6.8585  0.000e+00
      6.135  121.76342   25.19550    25.7681    33.7004    22.1253     6.8593  0.000e+00
      6.164  121.76342   25.19550    25.7649    33.7008    22.1266     6.8563  0.000e+00
      6.113  121.76342   25.19550    25.7640    33.7015    22.1274     6.8565  0.000e+00
      6.186  121.76342   25.19550    25.7636    33.7024    22.1282     6.8569  0.000e+00
      6.164  121.76342   25.19550    25.7645    33.7027    22.1281     6.8570  0.000e+00
      6.164  121.76342   25.19550    25.7650    33.7022    22.1276     6.8573  0.000e+00
      6.244  121.76342   25.19550    25.7645    33.7016    22.1273     6.8579  0.000e+00
      6.164  121.76342   25.19550    25.7632    33.7013    22.1275     6.8584  0.000e+00
      6.215  121.76342   25.19550    25.7609    33.7013    22.1282     6.8552  0.000e+00
      6.244  121.76342   25.19550    25.7588    33.7002    22.1280     6.8554  0.000e+00
      6.273  121.76342   25.19550    25.7568    33.6993    22.1279     6.8593  0.000e+00
      6.273  121.76342   25.19550    25.7553    33.6992    22.1283     6.8597  0.000e+00
      6.295  121.76342   25.19550    25.7541    33.6994    22.1289     6.8562  0.000e+00
      6.324  121.76342   25.19550    25.7530    33.6997    22.1294     6.8563  0.000e+00
      6.324  121.76342   25.19550    25.7541    33.7003    22.1295     6.8600  0.000e+00
      6.345  121.76342   25.19550    25.7548    33.7007    22.1296     6.8599  0.000e+00
      6.324  121.76342   25.19550    25.7532    33.7007    22.1301     6.8602  0.000e+00
      6.382  121.76342   25.19550    25.7516    33.6994    22.1297     6.8605  0.000e+00
      6.403  121.76342   25.19550    25.7494    33.6977    22.1291     6.8610  0.000e+00
      6.382  121.76342   25.19550    25.7468    33.6979    22.1301     6.8614  0.000e+00
      6.454  121.76342   25.19550    25.7450    33.6980    22.1306     6.8616  0.000e+00
      6.382  121.76342   25.19550    25.7425    33.6974    22.1309     6.8617  0.000e+00
      6.483  121.76342   25.19550    25.7398    33.6963    22.1309     6.8621  0.000e+00
      6.512  121.76342   25.19550    25.7374    33.6958    22.1313     6.8661  0.000e+00
      6.483  121.76342   25.19550    25.7372    33.6969    22.1322     6.8660  0.000e+00
      6.483  121.76342   25.19550    25.7371    33.6968    22.1322     6.8662  0.000e+00
      6.614  121.76342   25.19550    25.7344    33.6966    22.1329     6.8667  0.000e+00
      6.541  121.76342   25.19550    25.7319    33.6957    22.1330     6.8669  0.000e+00
      6.592  121.76342   25.19550    25.7299    33.6962    22.1339     6.8673  0.000e+00
      6.614  121.76342   25.19550    25.7290    33.6961    22.1342     6.8676  0.000e+00
      6.650  121.76342   25.19550    25.7276    33.6962    22.1347     6.8679  0.000e+00
      6.650  121.76342   25.19550    25.7281    33.6963    22.1346     6.8682  0.000e+00
      6.723  121.76342   25.19550    25.7301    33.6971    22.1346     6.8681  0.000e+00
      6.650  121.76342   25.19550    25.7317    33.6976    22.1345     6.8680  0.000e+00
      6.752  121.76342   25.19550    25.7333    33.6979    22.1341     6.8643  0.000e+00
      6.781  121.76342   25.19550    25.7339    33.6979    22.1340     6.8642  0.000e+00
      6.752  121.76342   25.19550    25.7331    33.6975    22.1339     6.8682  0.000e+00
      6.810  121.76342   25.19550    25.7324    33.6972    22.1340     6.8685  0.000e+00
      6.882  121.76342   25.19550    25.7319    33.6968    22.1338     6.8652  0.000e+00
      6.860  121.76342   25.19550    25.7296    33.6961    22.1340     6.8657  0.000e+00
      6.860  121.76342   25.19550    25.7270    33.6955    22.1343     6.8662  0.000e+00
      6.940  121.76342   25.19550    25.7251    33.6950    22.1346     6.8668  0.000e+00
      6.969  121.76342   25.19550    25.7245    33.6954    22.1350     6.8634  0.000e+00
      7.020  121.76342   25.19550    25.7254    33.6959    22.1351     6.8633  0.000e+00
      6.991  121.76342   25.19550    25.7263    33.6965    22.1353     6.8633  0.000e+00
      7.078  121.76342   25.19550    25.7261    33.6959    22.1349     6.8635  0.000e+00
      7.078  121.76342   25.19550    25.7244    33.6955    22.1352     6.8639  0.000e+00
      7.100  121.76342   25.19550    25.7229    33.6950    22.1352     6.8640  0.000e+00
      7.187  121.76342   25.19550    25.7218    33.6948    22.1354     6.8642  0.000e+00
      7.187  121.76342   25.19550    25.7204    33.6953    22.1362     6.8606  0.000e+00
      7.158  121.76342   25.19550    25.7213    33.6956    22.1362     6.8600  0.000e+00
      7.347  121.76342   25.19550    25.7238    33.6961    22.1358     6.8594  0.000e+00
      7.296  121.76342   25.19550    25.7263    33.6964    22.1353     6.8550  0.000e+00
      7.296  121.76342   25.19550    25.7256    33.6961    22.1353     6.8507  0.000e+00
      7.426  121.76342   25.19550    25.7216    33.6949    22.1356     6.8543  0.000e+00
      7.397  121.76342   25.19550    25.7178    33.6942    22.1362     6.8505  0.000e+00
      7.397  121.76342   25.19550    25.7157    33.6940    22.1367     6.8501  0.000e+00
      7.477  121.76342   25.19550    25.7144    33.6943    22.1373     6.8494  0.000e+00
      7.506  121.76342   25.19550    25.7134    33.6936    22.1371     6.8450  0.000e+00
      7.564  121.76342   25.19550    25.7131    33.6938    22.1373     6.8405  0.000e+00
      7.637  121.76342   25.19550    25.7119    33.6939    22.1378     6.8398  0.000e+00
      7.615  121.76342   25.19550    25.7107    33.6935    22.1379     6.8425  0.000e+00
      7.666  121.76342   25.19550    25.7100    33.6938    22.1383     6.8380  0.000e+00
      7.746  121.76342   25.19550    25.7101    33.6935    22.1380     6.8335  0.000e+00
      7.666  121.76342   25.19550    25.7093    33.6936    22.1384     6.8363  0.000e+00
      7.833  121.76342   25.19550    25.7088    33.6932    22.1383     6.8320  0.000e+00
      7.855  121.76342   25.19550    25.7090    33.6934    22.1383     6.8311  0.000e+00
      7.833  121.76342   25.19550    25.7091    33.6934    22.1384     6.8266  0.000e+00
      7.884  121.76342   25.19550    25.7088    33.6932    22.1383     6.8257  0.000e+00
      7.992  121.76342   25.19550    25.7079    33.6930    22.1384     6.8250  0.000e+00
      7.963  121.76342   25.19550    25.7070    33.6927    22.1384     6.8243  0.000e+00
      8.043  121.76342   25.19550    25.7056    33.6930    22.1391     6.8238  0.000e+00
      8.043  121.76342   25.19550    25.7043    33.6928    22.1394     6.8235  0.000e+00
      8.174  121.76342   25.19550    25.7033    33.6926    22.1395     6.8196  0.000e+00
      8.101  121.76342   25.19550    25.7027    33.6926    22.1397     6.8192  0.000e+00
      8.152  121.76342   25.19550    25.7003    33.6923    22.1402     6.8191  0.000e+00
      8.232  121.76342   25.19550    25.6961    33.6916    22.1410     6.8194  0.000e+00
      8.203  121.76342   25.19550    25.6918    33.6904    22.1414     6.8234  0.000e+00
      8.312  121.76342   25.19550    25.6857    33.6909    22.1437     6.8243  0.000e+00
      8.341  121.76342   25.19550    25.6814    33.6906    22.1448     6.8250  0.000e+00
      8.312  121.76342   25.19550    25.6779    33.6907    22.1459     6.8218  0.000e+00
      8.420  121.76342   25.19550    25.6753    33.6906    22.1466     6.8223  0.000e+00
      8.420  121.76342   25.19550    25.6718    33.6906    22.1477     6.8229  0.000e+00
      8.442  121.76342   25.19550    25.6671    33.6905    22.1491     6.8235  0.000e+00
      8.471  121.76342   25.19550    25.6621    33.6904    22.1505     6.8243  0.000e+00
      8.471  121.76342   25.19550    25.6529    33.6905    22.1535     6.8258  0.000e+00
      8.551  121.76342   25.19550    25.6411    33.6905    22.1571     6.8277  0.000e+00
      8.638  121.76342   25.19550    25.6308    33.6911    22.1607     6.8256  0.000e+00
      8.580  121.76342   25.19550    25.6238    33.6923    22.1638     6.8266  0.000e+00
      8.638  121.76342   25.19550    25.6193    33.6934    22.1660     6.8275  0.000e+00
      8.660  121.76342   25.19550    25.6152    33.6941    22.1677     6.8284  0.000e+00
      8.740  121.76342   25.19550    25.6125    33.6940    22.1685     6.8253  0.000e+00
      8.740  121.76342   25.19550    25.6093    33.6948    22.1701     6.8259  0.000e+00
      8.711  121.76342   25.19550    25.6059    33.6948    22.1711     6.8228  0.000e+00
      8.798  121.76342   25.19550    25.6023    33.6949    22.1723     6.8197  0.000e+00
      8.849  121.76342   25.19550    25.5989    33.6955    22.1738     6.8164  0.000e+00
      8.798  121.76342   25.19550    25.5960    33.6955    22.1747     6.8166  0.000e+00
      8.928  121.76342   25.19550    25.5924    33.6960    22.1762     6.8172  0.000e+00
      8.907  121.76342   25.19550    25.5897    33.6965    22.1774     6.8137  0.000e+00
      8.907  121.76342   25.19550    25.5871    33.6967    22.1784     6.8139  0.000e+00
      8.979  121.76342   25.19550    25.5851    33.6969    22.1792     6.8104  0.000e+00
      8.957  121.76342   25.19550    25.5833    33.6971    22.1798     6.8102  0.000e+00
      9.008  121.76342   25.19550    25.5813    33.6973    22.1806     6.8101  0.000e+00
      9.008  121.76342   25.19550    25.5793    33.6978    22.1816     6.8064  0.000e+00
      9.088  121.76342   25.19550    25.5774    33.6982    22.1825     6.8063  0.000e+00
      9.117  121.76342   25.19550    25.5765    33.6984    22.1829     6.8061  0.000e+00
      9.117  121.76340   25.19550    25.5754    33.6982    22.1831     6.8023  0.000e+00
      9.088  121.76340   25.19550    25.5734    33.6981    22.1836     6.8020  0.000e+00
      9.226  121.76340   25.19550    25.5696    33.6991    22.1855     6.8019  0.000e+00
      9.117  121.76340   25.19550    25.5655    33.6993    22.1870     6.7981  0.000e+00
      9.226  121.76340   25.19550    25.5596    33.7002    22.1895     6.7984  0.000e+00
      9.255  121.76340   25.19550    25.5539    33.7007    22.1916     6.7949  0.000e+00
      9.284  121.76340   25.19550    25.5474    33.7018    22.1944     6.7948  0.000e+00
      9.284  121.76340   25.19550    25.5415    33.7024    22.1967     6.7913  0.000e+00
      9.306  121.76340   25.19550    25.5359    33.7034    22.1991     6.7911  0.000e+00
      9.335  121.76340   25.19550    25.5307    33.7044    22.2015     6.7911  0.000e+00
      9.335  121.76340   25.19550    25.5263    33.7053    22.2036     6.7871  0.000e+00
      9.385  121.76340   25.19550    25.5225    33.7061    22.2053     6.7867  0.000e+00
      9.356  121.76340   25.19550    25.5191    33.7070    22.2070     6.7826  0.000e+00
      9.385  121.76340   25.19550    25.5172    33.7074    22.2079     6.7783  0.000e+00
      9.443  121.76340   25.19550    25.5150    33.7078    22.2089     6.7740  0.000e+00
      9.443  121.76340   25.19550    25.5136    33.7070    22.2087     6.7695  0.000e+00
