CTD/8-1.cnv
* Sea-Bird SBE 9 Data File:
* FileName = D:\ctddata\cr2381\8-1.hex
* Software Version Seasave V 7.20g
* Temperature SN = 6284
* Conductivity SN = 4751
* Number of Bytes Per Scan = 34
* Number of Voltage Words = 5
* Number of Scans Averaged by the Deck Unit = 1
* NMEA Latitude = 25 11.72 N
* NMEA Longitude = 121 45.80 E
* NMEA UTC (Time) = Oct 07 2019  03:40:08
** Ship: OR2
** Station: 8-1
** Operator: CR2381
# nquan = 8
# nvalues = 4216                                  
# units = specified
# name 0 = depSM: Depth [salt water, m]
# name 1 = longitude: Longitude [deg]
# name 2 = latitude: Latitude [deg]
# name 3 = t090C: Temperature [ITS-90, deg C]
# name 4 = sal00: Salinity, Practical [PSU]
# name 5 = sigma-é00: Density [sigma-theta, kg/m^3]
# name 6 = sbeox0Mg/L: Oxygen, SBE 43 [mg/l]
# name 7 = flag:  0.000e+00
# span 0 =      0.382,     45.042                 
# span 1 =  121.76298,  121.76348                 
# span 2 =   25.19548,   25.19566                 
# span 3 =    23.8956,    25.9196                 
# span 4 =    33.6843,    33.8218                 
# span 5 =    22.0874,    22.7829                 
# span 6 =     6.2849,     6.9046                 
# span 7 = 0.0000e+00, 0.0000e+00                 
# interval = seconds: 0.0416667
# start_time = Oct 07 2019 03:40:08 [NMEA time, header]
# bad_flag = -9.990e-29
*END*
[from data line 899]
     18.311  121.76336   25.19552    24.4518    33.7733    22.5802     6.3619  0.000e+00
     18.361  121.76336   25.19552    24.4504    33.7735    22.5808     6.3619  0.000e+00
     18.311  121.76336   25.19552    24.4486    33.7735    22.5813     6.3580  0.000e+00
     18.361  121.76336   25.19552    24.4477    33.7739    22.5820     6.3578  0.000e+00
     18.419  121.76336   25.19552    24.4478    33.7737    22.5817     6.3577  0.000e+00
     18.361  121.76336   25.19552    24.4475    33.7734    22.5816     6.3538  0.000e+00
     18.419  121.76336   25.19552    24.4468    33.7733    22.5817     6.3536  0.000e+00
     18.470  121.76336   25.19552    24.4467    33.7736    22.5820     6.3535  0.000e+00
     18.419  121.76336   25.19552    24.4475    33.7737    22.5818     6.3534  0.000e+00
     18.521  121.76336   25.19552    24.4479    33.7725    22.5808     6.3533  0.000e+00
     18.470  121.76336   25.19552    24.4407    33.7734    22.5836     6.3543  0.000e+00
     18.470  121.76336   25.19552    24.4331    33.7747    22.5869     6.3556  0.000e+00
     18.521  121.76336   25.19552    24.4321    33.7741    22.5867     6.3561  0.000e+00
     18.499  121.76336   25.19552    24.4347    33.7737    22.5857     6.3563  0.000e+00
     18.579  121.76336   25.19552    24.4355    33.7753    22.5866     6.3573  0.000e+00
     18.521  121.76336   25.19552    24.4375    33.7758    22.5864     6.3581  0.000e+00
     18.579  121.76336   25.19552    24.4408    33.7754    22.5851     6.3588  0.000e+00
     18.579  121.76336   25.19552    24.4425    33.7738    22.5834     6.3593  0.000e+00
     18.630  121.76336   25.19552    24.4396    33.7728    22.5835     6.3602  0.000e+00
     18.579  121.76336   25.19552    24.4345    33.7719    22.5844     6.3618  0.000e+00
     18.630  121.76336   25.19552    24.4222    33.7734    22.5892     6.3644  0.000e+00
     18.630  121.76336   25.19552    24.4129    33.7745    22.5927     6.3662  0.000e+00
     18.688  121.76336   25.19552    24.4052    33.7750    22.5955     6.3684  0.000e+00
     18.688  121.76336   25.19552    24.3985    33.7754    22.5977     6.3702  0.000e+00
     18.688  121.76336   25.19552    24.3944    33.7764    22.5997     6.3719  0.000e+00
     18.739  121.76336   25.19552    24.3913    33.7770    22.6011     6.3736  0.000e+00
     18.739  121.76336   25.19552    24.3887    33.7775    22.6023     6.3751  0.000e+00
     18.666  121.76336   25.19552    24.3871    33.7782    22.6032     6.3765  0.000e+00
     18.848  121.76336   25.19552    24.3871    33.7783    22.6034     6.3779  0.000e+00
     18.789  121.76336   25.19552    24.3878    33.7780    22.6029     6.3750  0.000e+00
     18.789  121.76336   25.19552    24.3876    33.7778    22.6028     6.3759  0.000e+00
     18.848  121.76336   25.19552    24.3866    33.7776    22.6029     6.3771  0.000e+00
     18.848  121.76336   25.19552    24.3855    33.7779    22.6035     6.3742  0.000e+00
     18.898  121.76336   25.19552    24.3851    33.7778    22.6035     6.3748  0.000e+00
     18.898  121.76336   25.19552    24.3849    33.7778    22.6036     6.3752  0.000e+00
     18.898  121.76336   25.19552    24.3846    33.7777    22.6036     6.3718  0.000e+00
     18.956  121.76336   25.19552    24.3846    33.7777    22.6036     6.3722  0.000e+00
     18.956  121.76336   25.19552    24.3844    33.7775    22.6035     6.3726  0.000e+00
     19.007  121.76336   25.19552    24.3846    33.7778    22.6037     6.3730  0.000e+00
     19.007  121.76336   25.19552    24.3853    33.7777    22.6034     6.3733  0.000e+00
     19.058  121.76336   25.19552    24.3860    33.7779    22.6034     6.3697  0.000e+00
     19.058  121.76336   25.19552    24.3867    33.7774    22.6028     6.3697  0.000e+00
     19.116  121.76336   25.19552    24.3869    33.7772    22.6026     6.3698  0.000e+00
     19.116  121.76336   25.19552    24.3858    33.7777    22.6033     6.3659  0.000e+00
     19.145  121.76336   25.19552    24.3853    33.7776    22.6033     6.3658  0.000e+00
     19.225  121.76336   25.19552    24.3850    33.7771    22.6030     6.3657  0.000e+00
     19.225  121.76336   25.19552    24.3851    33.7774    22.6032     6.3656  0.000e+00
     19.225  121.76336   25.19552    24.3846    33.7772    22.6033     6.3657  0.000e+00
     19.276  121.76336   25.19552    24.3849    33.7771    22.6031     6.3655  0.000e+00
     19.276  121.76336   25.19552    24.3849    33.7771    22.6031     6.3654  0.000e+00
     19.326  121.76336   25.19552    24.3848    33.7772    22.6032     6.3654  0.000e+00
     19.385  121.76336   25.19552    24.3848    33.7770    22.6031     6.3614  0.000e+00
     19.385  121.76336   25.19552    24.3841    33.7774    22.6036     6.3650  0.000e+00
     19.435  121.76336   25.19552    24.3842    33.7769    22.6031     6.3649  0.000e+00
     19.435  121.76336   25.19552    24.3850    33.7770    22.6030     6.3646  0.000e+00
     19.493  121.76336   25.19552    24.3853    33.7773    22.6031     6.3605  0.000e+00
     19.544  121.76336   25.19552    24.3855    33.7768    22.6027     6.3601  0.000e+00
     19.544  121.76336   25.19552    24.3844    33.7767    22.6030     6.3599  0.000e+00
     19.602  121.76336   25.19552    24.3830    33.7766    22.6033     6.3560  0.000e+00
     19.602  121.76336   25.19552    24.3814    33.7768    22.6039     6.3557  0.000e+00
     19.653  121.76336   25.19552    24.3805    33.7771    22.6045     6.3593  0.000e+00
     19.653  121.76336   25.19552    24.3809    33.7770    22.6042     6.3553  0.000e+00
     19.704  121.76336   25.19552    24.3819    33.7773    22.6041     6.3588  0.000e+00
     19.762  121.76336   25.19552    24.3821    33.7770    22.6039     6.3550  0.000e+00
     19.682  121.76336   25.19552    24.3819    33.7769    22.6038     6.3549  0.000e+00
     19.871  121.76336   25.19552    24.3821    33.7765    22.6035     6.3550  0.000e+00
     19.871  121.76336   25.19552    24.3834    33.7771    22.6036     6.3548  0.000e+00
     19.871  121.76336   25.19552    24.3853    33.7772    22.6031     6.3547  0.000e+00
     19.871  121.76336   25.19552    24.3866    33.7771    22.6026     6.3547  0.000e+00
     19.922  121.76336   25.19552    24.3878    33.7762    22.6016     6.3548  0.000e+00
     19.922  121.76336   25.19552    24.3880    33.7761    22.6015     6.3551  0.000e+00
     20.030  121.76336   25.19552    24.3880    33.7763    22.6016     6.3555  0.000e+00
     20.030  121.76336   25.19552    24.3880    33.7762    22.6015     6.3521  0.000e+00
     20.030  121.76336   25.19552    24.3880    33.7761    22.6015     6.3523  0.000e+00
     20.030  121.76336   25.19552    24.3881    33.7761    22.6015     6.3565  0.000e+00
     20.081  121.76336   25.19552    24.3885    33.7760    22.6012     6.3572  0.000e+00
     20.139  121.76336   25.19552    24.3885    33.7762    22.6014     6.3540  0.000e+00
     20.081  121.76336   25.19552    24.3887    33.7756    22.6009     6.3545  0.000e+00
     20.190  121.76336   25.19552    24.3878    33.7743    22.6002     6.3552  0.000e+00
     20.190  121.76336   25.19552    24.3857    33.7722    22.5993     6.3598  0.000e+00
     20.241  121.76336   25.19552    24.3839    33.7749    22.6018     6.3607  0.000e+00
     20.241  121.76336   25.19552    24.3824    33.7760    22.6031     6.3613  0.000e+00
     20.299  121.76336   25.19552    24.3816    33.7763    22.6036     6.3582  0.000e+00
     20.241  121.76336   25.19552    24.3810    33.7761    22.6036     6.3587  0.000e+00
     20.350  121.76336   25.19552    24.3796    33.7762    22.6041     6.3591  0.000e+00
     20.299  121.76336   25.19552    24.3785    33.7764    22.6046     6.3595  0.000e+00
     20.350  121.76336   25.19552    24.3782    33.7767    22.6049     6.3599  0.000e+00
     20.408  121.76336   25.19552    24.3780    33.7767    22.6050     6.3604  0.000e+00
     20.408  121.76336   25.19552    24.3780    33.7768    22.6050     6.3608  0.000e+00
     20.408  121.76336   25.19552    24.3782    33.7762    22.6045     6.3611  0.000e+00
     20.459  121.76336   25.19552    24.3780    33.7761    22.6045     6.3614  0.000e+00
     20.459  121.76336   25.19552    24.3780    33.7762    22.6045     6.3618  0.000e+00
     20.459  121.76336   25.19552    24.3778    33.7757    22.6042     6.3619  0.000e+00
     20.509  121.76336   25.19552    24.3764    33.7755    22.6045     6.3623  0.000e+00
     20.567  121.76336   25.19552    24.3751    33.7757    22.6050     6.3626  0.000e+00
     20.495  121.76336   25.19552    24.3750    33.7767    22.6058     6.3628  0.000e+00
     20.618  121.76336   25.19552    24.3760    33.7768    22.6056     6.3630  0.000e+00
     20.567  121.76336   25.19552    24.3764    33.7764    22.6052     6.3632  0.000e+00
     20.618  121.76336   25.19552    24.3755    33.7763    22.6054     6.3598  0.000e+00
     20.618  121.76336   25.19552    24.3744    33.7761    22.6056     6.3600  0.000e+00
     20.618  121.76336   25.19552    24.3748    33.7759    22.6053     6.3637  0.000e+00
     20.676  121.76336   25.19552    24.3750    33.7761    22.6053     6.3603  0.000e+00
     20.727  121.76336   25.19552    24.3743    33.7759    22.6055     6.3606  0.000e+00
     20.618  121.76336   25.19552    24.3730    33.7758    22.6058     6.3648  0.000e+00
     20.727  121.76334   25.19552    24.3721    33.7760    22.6062     6.3613  0.000e+00
     20.727  121.76334   25.19552    24.3730    33.7764    22.6062     6.3613  0.000e+00
     20.778  121.76334   25.19552    24.3735    33.7763    22.6060     6.3614  0.000e+00
     20.727  121.76334   25.19552    24.3734    33.7761    22.6059     6.3612  0.000e+00
     20.836  121.76334   25.19552    24.3730    33.7766    22.6063     6.3574  0.000e+00
     20.778  121.76334   25.19552    24.3732    33.7764    22.6062     6.3611  0.000e+00
     20.836  121.76334   25.19552    24.3734    33.7764    22.6061     6.3611  0.000e+00
     20.836  121.76334   25.19552    24.3735    33.7758    22.6056     6.3613  0.000e+00
     20.887  121.76334   25.19552    24.3734    33.7761    22.6059     6.3613  0.000e+00
     20.836  121.76334   25.19552    24.3730    33.7764    22.6062     6.3575  0.000e+00
     20.945  121.76334   25.19552    24.3728    33.7761    22.6060     6.3613  0.000e+00
     20.887  121.76334   25.19552    24.3728    33.7760    22.6060     6.3574  0.000e+00
     20.945  121.76334   25.19552    24.3721    33.7759    22.6061     6.3613  0.000e+00
     20.945  121.76334   25.19552    24.3714    33.7762    22.6065     6.3576  0.000e+00
     20.996  121.76334   25.19552    24.3709    33.7759    22.6065     6.3615  0.000e+00
     20.996  121.76334   25.19552    24.3701    33.7759    22.6067     6.3617  0.000e+00
     20.996  121.76334   25.19552    24.3698    33.7762    22.6070     6.3619  0.000e+00
     21.054  121.76334   25.19552    24.3698    33.7763    22.6071     6.3620  0.000e+00
     21.054  121.76334   25.19552    24.3701    33.7760    22.6068     6.3619  0.000e+00
     21.104  121.76334   25.19552    24.3696    33.7756    22.6066     6.3622  0.000e+00
     21.104  121.76334   25.19552    24.3694    33.7761    22.6071     6.3586  0.000e+00
     21.155  121.76334   25.19552    24.3698    33.7766    22.6074     6.3584  0.000e+00
     21.155  121.76334   25.19552    24.3705    33.7762    22.6068     6.3581  0.000e+00
     21.155  121.76334   25.19552    24.3703    33.7761    22.6068     6.3580  0.000e+00
     21.213  121.76334   25.19554    24.3701    33.7760    22.6068     6.3582  0.000e+00
     21.213  121.76334   25.19554    24.3701    33.7760    22.6068     6.3583  0.000e+00
     21.322  121.76334   25.19554    24.3707    33.7762    22.6068     6.3585  0.000e+00
     21.264  121.76334   25.19554    24.3714    33.7760    22.6064     6.3583  0.000e+00
     21.264  121.76334   25.19554    24.3720    33.7762    22.6063     6.3582  0.000e+00
     21.322  121.76334   25.19554    24.3725    33.7756    22.6058     6.3582  0.000e+00
     21.373  121.76334   25.19554    24.3725    33.7763    22.6063     6.3582  0.000e+00
     21.373  121.76334   25.19554    24.3723    33.7761    22.6062     6.3582  0.000e+00
     21.424  121.76334   25.19554    24.3723    33.7757    22.6059     6.3583  0.000e+00
     21.424  121.76334   25.19554    24.3723    33.7762    22.6064     6.3545  0.000e+00
     21.482  121.76334   25.19554    24.3718    33.7757    22.6061     6.3545  0.000e+00
     21.482  121.76334   25.19554    24.3718    33.7762    22.6065     6.3543  0.000e+00
     21.533  121.76334   25.19554    24.3721    33.7758    22.6060     6.3543  0.000e+00
     21.533  121.76334   25.19554    24.3718    33.7757    22.6061     6.3543  0.000e+00
     21.591  121.76334   25.19554    24.3714    33.7758    22.6063     6.3543  0.000e+00
     21.591  121.76334   25.19554    24.3716    33.7755    22.6060     6.3543  0.000e+00
     21.641  121.76334   25.19554    24.3714    33.7757    22.6062     6.3544  0.000e+00
     21.641  121.76334   25.19554    24.3712    33.7752    22.6059     6.3506  0.000e+00
     21.692  121.76334   25.19554    24.3709    33.7756    22.6063     6.3544  0.000e+00
     21.750  121.76334   25.19554    24.3707    33.7755    22.6062     6.3544  0.000e+00
     21.750  121.76334   25.19554    24.3706    33.7757    22.6065     6.3504  0.000e+00
     21.750  121.76334   25.19554    24.3703    33.7757    22.6065     6.3542  0.000e+00
     21.859  121.76334   25.19554    24.3698    33.7754    22.6065     6.3505  0.000e+00
     21.801  121.76334   25.19554    24.3689    33.7755    22.6068     6.3542  0.000e+00
     21.910  121.76334   25.19554    24.3677    33.7756    22.6072     6.3546  0.000e+00
     21.910  121.76334   25.19554    24.3669    33.7750    22.6070     6.3548  0.000e+00
     21.910  121.76334   25.19554    24.3662    33.7761    22.6081     6.3549  0.000e+00
     21.961  121.76334   25.19554    24.3668    33.7756    22.6075     6.3549  0.000e+00
     22.019  121.76334   25.19554    24.3664    33.7751    22.6073     6.3551  0.000e+00
     22.019  121.76334   25.19554    24.3657    33.7754    22.6077     6.3551  0.000e+00
     22.070  121.76334   25.19554    24.3652    33.7756    22.6080     6.3553  0.000e+00
     22.070  121.76334   25.19554    24.3650    33.7752    22.6078     6.3555  0.000e+00
     22.128  121.76334   25.19554    24.3650    33.7754    22.6079     6.3557  0.000e+00
     22.178  121.76334   25.19554    24.3650    33.7756    22.6081     6.3559  0.000e+00
     22.178  121.76334   25.19554    24.3652    33.7754    22.6079     6.3558  0.000e+00
     22.229  121.76334   25.19554    24.3652    33.7755    22.6080     6.3561  0.000e+00
     22.229  121.76334   25.19554    24.3654    33.7752    22.6077     6.3561  0.000e+00
     22.287  121.76334   25.19554    24.3648    33.7755    22.6081     6.3564  0.000e+00
     22.287  121.76334   25.19554    24.3652    33.7752    22.6077     6.3525  0.000e+00
     22.338  121.76334   25.19554    24.3636    33.7748    22.6079     6.3567  0.000e+00
     22.396  121.76334   25.19554    24.3615    33.7743    22.6082     6.3573  0.000e+00
     22.396  121.76334   25.19554    24.3595    33.7747    22.6091     6.3539  0.000e+00
     22.447  121.76334   25.19554    24.3586    33.7748    22.6094     6.3542  0.000e+00
     22.505  121.76334   25.19554    24.3581    33.7745    22.6093     6.3544  0.000e+00
     22.505  121.76334   25.19554    24.3573    33.7747    22.6097     6.3508  0.000e+00
     22.505  121.76334   25.19554    24.3570    33.7747    22.6098     6.3506  0.000e+00
     22.556  121.76334   25.19554    24.3575    33.7755    22.6102     6.3503  0.000e+00
     22.556  121.76334   25.19554    24.3581    33.7752    22.6099     6.3501  0.000e+00
     22.607  121.76334   25.19552    24.3588    33.7753    22.6098     6.3498  0.000e+00
     22.665  121.76334   25.19552    24.3597    33.7751    22.6093     6.3458  0.000e+00
     22.665  121.76334   25.19552    24.3602    33.7748    22.6089     6.3454  0.000e+00
