CTD/8-1.cnv
* Sea-Bird SBE 9 Data File:
* FileName = D:\ctddata\cr2381\8-1.hex
* Software Version Seasave V 7.20g
* Temperature SN = 6284
* Conductivity SN = 4751
* Number of Bytes Per Scan = 34
* Number of Voltage Words = 5
* Number of Scans Averaged by the Deck Unit = 1
* NMEA Latitude = 25 11.72 N
* NMEA Longitude = 121 45.80 E
* NMEA UTC (Time) = Oct 07 2019  03:40:08
** Ship: OR2
** Station: 8-1
** Operator: CR2381
# nquan = 8
# nvalues = 4216                                  
# units = specified
# name 0 = depSM: Depth [salt water, m]
# name 1 = longitude: Longitude [deg]
# name 2 = latitude: Latitude [deg]
# name 3 = t090C: Temperature [ITS-90, deg C]
# name 4 = sal00: Salinity, Practical [PSU]
# name 5 = sigma-é00: Density [sigma-theta, kg/m^3]
# name 6 = sbeox0Mg/L: Oxygen, SBE 43 [mg/l]
# name 7 = flag:  0.000e+00
# span 0 =      0.382,     45.042                 
# span 1 =  121.76298,  121.76348                 
# span 2 =   25.19548,   25.19566                 
# span 3 =    23.8956,    25.9196                 
# span 4 =    33.6843,    33.8218                 
# span 5 =    22.0874,    22.7829                 
# span 6 =     6.2849,     6.9046                 
# span 7 = 0.0000e+00, 0.0000e+00                 
# interval = seconds: 0.0416667
# start_time = Oct 07 2019 03:40:08 [NMEA time, header]
# bad_flag = -9.990e-29
*END*
[from data line 720]
     13.688  121.76338   25.19550    25.0308    33.7140    22.3613     6.4737  0.000e+00
     13.688  121.76338   25.19550    25.0308    33.7142    22.3614     6.4747  0.000e+00
     13.797  121.76338   25.19550    25.0298    33.7140    22.3616     6.4759  0.000e+00
     13.848  121.76338   25.19550    25.0293    33.7131    22.3610     6.4731  0.000e+00
     13.819  121.76338   25.19550    25.0281    33.7132    22.3615     6.4739  0.000e+00
     13.848  121.76338   25.19550    25.0270    33.7129    22.3616     6.4709  0.000e+00
     13.957  121.76338   25.19550    25.0259    33.7127    22.3618     6.4713  0.000e+00
     13.957  121.76338   25.19550    25.0256    33.7127    22.3619     6.4717  0.000e+00
     13.957  121.76338   25.19550    25.0260    33.7127    22.3617     6.4681  0.000e+00
     14.037  121.76338   25.19550    25.0260    33.7127    22.3618     6.4682  0.000e+00
     14.008  121.76338   25.19550    25.0254    33.7117    22.3612     6.4682  0.000e+00
     14.225  121.76338   25.19550    25.0223    33.7111    22.3617     6.4647  0.000e+00
     14.116  121.76338   25.19550    25.0174    33.7100    22.3623     6.4649  0.000e+00
     14.167  121.76338   25.19550    25.0109    33.7094    22.3638     6.4654  0.000e+00
     14.225  121.76338   25.19550    25.0049    33.7095    22.3657     6.4657  0.000e+00
     14.305  121.76338   25.19550    25.0013    33.7099    22.3672     6.4658  0.000e+00
     14.225  121.76338   25.19550    24.9990    33.7106    22.3683     6.4657  0.000e+00
     14.385  121.76338   25.19550    24.9983    33.7106    22.3685     6.4654  0.000e+00
     14.385  121.76338   25.19550    24.9972    33.7101    22.3685     6.4616  0.000e+00
     14.334  121.76338   25.19550    24.9951    33.7092    22.3685     6.4616  0.000e+00
     14.494  121.76338   25.19550    24.9920    33.7100    22.3700     6.4616  0.000e+00
     14.465  121.76338   25.19550    24.9908    33.7102    22.3706     6.4616  0.000e+00
     14.494  121.76338   25.19550    24.9867    33.7089    22.3708     6.4583  0.000e+00
     14.494  121.76338   25.19550    24.9804    33.7081    22.3721     6.4589  0.000e+00
     14.603  121.76338   25.19550    24.9741    33.7074    22.3735     6.4594  0.000e+00
     14.603  121.76338   25.19550    24.9664    33.7073    22.3757     6.4600  0.000e+00
     14.603  121.76338   25.19550    24.9576    33.7067    22.3779     6.4609  0.000e+00
     14.704  121.76338   25.19550    24.9456    33.7069    22.3817     6.4622  0.000e+00
     14.733  121.76338   25.19550    24.9348    33.7074    22.3854     6.4632  0.000e+00
     14.704  121.76338   25.19550    24.9235    33.7092    22.3901     6.4605  0.000e+00
     14.813  121.76338   25.19550    24.9135    33.7111    22.3946     6.4616  0.000e+00
     14.762  121.76338   25.19550    24.9059    33.7127    22.3981     6.4623  0.000e+00
     14.871  121.76338   25.19550    24.8996    33.7151    22.4018     6.4630  0.000e+00
     14.871  121.76338   25.19550    24.8947    33.7164    22.4043     6.4635  0.000e+00
     14.900  121.76338   25.19550    24.8916    33.7171    22.4057     6.4601  0.000e+00
     14.922  121.76338   25.19550    24.8907    33.7175    22.4063     6.4601  0.000e+00
     14.980  121.76338   25.19550    24.8891    33.7175    22.4068     6.4604  0.000e+00
     14.980  121.76338   25.19550    24.8875    33.7180    22.4076     6.4607  0.000e+00
     15.031  121.76338   25.19550    24.8857    33.7185    22.4086     6.4612  0.000e+00
     15.031  121.76338   25.19550    24.8839    33.7189    22.4094     6.4577  0.000e+00
     15.031  121.76338   25.19550    24.8823    33.7199    22.4107     6.4539  0.000e+00
     15.110  121.76338   25.19550    24.8804    33.7204    22.4116     6.4541  0.000e+00
     15.081  121.76338   25.19550    24.8786    33.7217    22.4131     6.4541  0.000e+00
     15.139  121.76338   25.19550    24.8766    33.7220    22.4139     6.4542  0.000e+00
     15.190  121.76338   25.19550    24.8736    33.7239    22.4163     6.4544  0.000e+00
     15.139  121.76338   25.19550    24.8718    33.7252    22.4178     6.4507  0.000e+00
     15.248  121.76338   25.19550    24.8703    33.7260    22.4189     6.4508  0.000e+00
     15.248  121.76338   25.19550    24.8686    33.7270    22.4202     6.4472  0.000e+00
     15.277  121.76338   25.19550    24.8668    33.7280    22.4215     6.4472  0.000e+00
     15.299  121.76338   25.19550    24.8641    33.7297    22.4236     6.4475  0.000e+00
     15.299  121.76338   25.19550    24.8621    33.7307    22.4249     6.4439  0.000e+00
     15.350  121.76338   25.19550    24.8607    33.7311    22.4256     6.4441  0.000e+00
     15.350  121.76338   25.19550    24.8588    33.7319    22.4269     6.4442  0.000e+00
     15.408  121.76338   25.19550    24.8575    33.7324    22.4276     6.4405  0.000e+00
     15.350  121.76338   25.19550    24.8568    33.7326    22.4280     6.4402  0.000e+00
     15.437  121.76338   25.19550    24.8564    33.7328    22.4282     6.4363  0.000e+00
     15.459  121.76338   25.19550    24.8559    33.7327    22.4283     6.4360  0.000e+00
     15.408  121.76338   25.19550    24.8532    33.7331    22.4294     6.4358  0.000e+00
     15.459  121.76338   25.19550    24.8478    33.7336    22.4314     6.4361  0.000e+00
     15.517  121.76338   25.19550    24.8427    33.7348    22.4339     6.4364  0.000e+00
     15.517  121.76338   25.19550    24.8414    33.7349    22.4343     6.4362  0.000e+00
     15.517  121.76338   25.19550    24.8409    33.7350    22.4346     6.4322  0.000e+00
     15.546  121.76338   25.19550    24.8379    33.7360    22.4362     6.4322  0.000e+00
     15.568  121.76338   25.19550    24.8352    33.7357    22.4368     6.4323  0.000e+00
     15.568  121.76338   25.19550    24.8327    33.7360    22.4378     6.4324  0.000e+00
     15.568  121.76338   25.19550    24.8306    33.7361    22.4385     6.4327  0.000e+00
     15.568  121.76338   25.19550    24.8304    33.7363    22.4387     6.4290  0.000e+00
     15.618  121.76336   25.19550    24.8304    33.7362    22.4387     6.4288  0.000e+00
     15.618  121.76336   25.19550    24.8302    33.7362    22.4387     6.4248  0.000e+00
     15.618  121.76336   25.19550    24.8302    33.7358    22.4384     6.4246  0.000e+00
     15.647  121.76336   25.19550    24.8299    33.7361    22.4387     6.4246  0.000e+00
     15.618  121.76336   25.19550    24.8299    33.7357    22.4384     6.4244  0.000e+00
     15.676  121.76336   25.19550    24.8288    33.7364    22.4393     6.4206  0.000e+00
     15.676  121.76336   25.19550    24.8279    33.7368    22.4398     6.4204  0.000e+00
     15.676  121.76336   25.19550    24.8275    33.7363    22.4396     6.4204  0.000e+00
     15.676  121.76336   25.19550    24.8270    33.7362    22.4397     6.4205  0.000e+00
     15.727  121.76336   25.19550    24.8273    33.7357    22.4392     6.4207  0.000e+00
     15.705  121.76336   25.19550    24.8275    33.7359    22.4393     6.4209  0.000e+00
     15.727  121.76336   25.19550    24.8266    33.7362    22.4398     6.4212  0.000e+00
     15.727  121.76336   25.19550    24.8266    33.7367    22.4402     6.4215  0.000e+00
     15.727  121.76336   25.19550    24.8280    33.7362    22.4394     6.4179  0.000e+00
     15.785  121.76336   25.19550    24.8275    33.7362    22.4395     6.4183  0.000e+00
     15.727  121.76336   25.19550    24.8259    33.7361    22.4399     6.4188  0.000e+00
     15.727  121.76336   25.19550    24.8229    33.7360    22.4408     6.4195  0.000e+00
     15.785  121.76336   25.19550    24.8198    33.7358    22.4415     6.4203  0.000e+00
     15.814  121.76336   25.19550    24.8161    33.7367    22.4434     6.4212  0.000e+00
     15.785  121.76336   25.19550    24.8143    33.7365    22.4437     6.4182  0.000e+00
     15.785  121.76336   25.19550    24.8127    33.7370    22.4446     6.4227  0.000e+00
     15.836  121.76336   25.19550    24.8106    33.7381    22.4461     6.4197  0.000e+00
     15.836  121.76336   25.19550    24.8090    33.7381    22.4466     6.4202  0.000e+00
     15.785  121.76336   25.19550    24.8073    33.7379    22.4469     6.4169  0.000e+00
     15.836  121.76338   25.19550    24.8063    33.7380    22.4473     6.4173  0.000e+00
     15.916  121.76338   25.19550    24.8049    33.7379    22.4476     6.4179  0.000e+00
     15.836  121.76338   25.19550    24.8029    33.7374    22.4479     6.4186  0.000e+00
     15.887  121.76338   25.19550    24.8002    33.7376    22.4488     6.4155  0.000e+00
     15.887  121.76338   25.19550    24.7988    33.7380    22.4495     6.4159  0.000e+00
     15.836  121.76338   25.19550    24.7977    33.7378    22.4497     6.4162  0.000e+00
     15.945  121.76338   25.19550    24.7967    33.7377    22.4499     6.4128  0.000e+00
     15.887  121.76338   25.19550    24.7931    33.7375    22.4509     6.4133  0.000e+00
     15.945  121.76338   25.19550    24.7863    33.7369    22.4524     6.4141  0.000e+00
     15.916  121.76338   25.19550    24.7703    33.7381    22.4582     6.4159  0.000e+00
     15.945  121.76338   25.19550    24.7441    33.7437    22.4703     6.4188  0.000e+00
     15.996  121.76338   25.19550    24.7277    33.7462    22.4771     6.4207  0.000e+00
     15.945  121.76338   25.19550    24.7189    33.7486    22.4815     6.4217  0.000e+00
     16.054  121.76338   25.19550    24.7165    33.7488    22.4824     6.4221  0.000e+00
     15.996  121.76338   25.19550    24.7139    33.7494    22.4836     6.4224  0.000e+00
     16.054  121.76338   25.19550    24.7116    33.7506    22.4852     6.4229  0.000e+00
     16.054  121.76338   25.19550    24.7082    33.7512    22.4867     6.4236  0.000e+00
     16.083  121.76338   25.19550    24.7043    33.7514    22.4880     6.4244  0.000e+00
     16.105  121.76338   25.19550    24.7032    33.7521    22.4889     6.4250  0.000e+00
     16.105  121.76338   25.19550    24.7045    33.7526    22.4889     6.4252  0.000e+00
     16.105  121.76338   25.19550    24.7074    33.7520    22.4875     6.4252  0.000e+00
     16.105  121.76338   25.19550    24.7104    33.7513    22.4862     6.4254  0.000e+00
     16.213  121.76338   25.19550    24.7094    33.7505    22.4859     6.4262  0.000e+00
     16.213  121.76338   25.19550    24.7039    33.7514    22.4882     6.4274  0.000e+00
     16.213  121.76336   25.19552    24.7011    33.7515    22.4891     6.4281  0.000e+00
     16.242  121.76336   25.19552    24.6989    33.7522    22.4903     6.4289  0.000e+00
     16.322  121.76336   25.19552    24.6962    33.7526    22.4914     6.4258  0.000e+00
     16.264  121.76336   25.19552    24.6929    33.7533    22.4929     6.4263  0.000e+00
     16.322  121.76336   25.19552    24.6905    33.7536    22.4938     6.4268  0.000e+00
     16.373  121.76336   25.19552    24.6875    33.7536    22.4948     6.4237  0.000e+00
     16.373  121.76336   25.19552    24.6847    33.7542    22.4961     6.4239  0.000e+00
     16.424  121.76336   25.19552    24.6823    33.7552    22.4975     6.4204  0.000e+00
     16.424  121.76336   25.19552    24.6798    33.7547    22.4979     6.4205  0.000e+00
     16.460  121.76336   25.19552    24.6753    33.7550    22.4995     6.4210  0.000e+00
     16.533  121.76336   25.19552    24.6714    33.7554    22.5010     6.4176  0.000e+00
     16.591  121.76336   25.19552    24.6677    33.7555    22.5022     6.4179  0.000e+00
     16.533  121.76336   25.19552    24.6621    33.7562    22.5044     6.4184  0.000e+00
     16.591  121.76336   25.19552    24.6589    33.7571    22.5060     6.4150  0.000e+00
     16.700  121.76336   25.19552    24.6566    33.7575    22.5070     6.4150  0.000e+00
     16.642  121.76336   25.19552    24.6543    33.7576    22.5078     6.4149  0.000e+00
     16.750  121.76336   25.19552    24.6490    33.7569    22.5089     6.4155  0.000e+00
     16.700  121.76336   25.19552    24.6332    33.7575    22.5140     6.4132  0.000e+00
     16.888  121.76336   25.19552    24.6125    33.7591    22.5214     6.4154  0.000e+00
     16.750  121.76336   25.19552    24.5958    33.7611    22.5279     6.4169  0.000e+00
     16.910  121.76336   25.19552    24.5840    33.7623    22.5324     6.4181  0.000e+00
     16.859  121.76336   25.19552    24.5741    33.7635    22.5362     6.4153  0.000e+00
     16.968  121.76336   25.19552    24.5661    33.7649    22.5397     6.4159  0.000e+00
     17.019  121.76336   25.19552    24.5616    33.7658    22.5417     6.4162  0.000e+00
     17.019  121.76336   25.19552    24.5589    33.7662    22.5428     6.4123  0.000e+00
     17.019  121.76336   25.19552    24.5555    33.7661    22.5438     6.4161  0.000e+00
     17.070  121.76336   25.19552    24.5498    33.7666    22.5459     6.4165  0.000e+00
     17.179  121.76336   25.19552    24.5457    33.7670    22.5474     6.4131  0.000e+00
     17.208  121.76336   25.19552    24.5416    33.7674    22.5489     6.4132  0.000e+00
     17.179  121.76336   25.19552    24.5365    33.7670    22.5501     6.4211  0.000e+00
     17.287  121.76336   25.19552    24.5256    33.7665    22.5530     6.4187  0.000e+00
     17.287  121.76336   25.19552    24.5116    33.7675    22.5580     6.4161  0.000e+00
     17.338  121.76336   25.19552    24.5002    33.7693    22.5627     6.4092  0.000e+00
     17.396  121.76336   25.19552    24.4933    33.7710    22.5661     6.4054  0.000e+00
     17.447  121.76336   25.19552    24.4898    33.7713    22.5674     6.4126  0.000e+00
     17.447  121.76336   25.19552    24.4879    33.7719    22.5684     6.4125  0.000e+00
     17.505  121.76336   25.19552    24.4864    33.7718    22.5688     6.4048  0.000e+00
     17.556  121.76336   25.19552    24.4856    33.7721    22.5692     6.4081  0.000e+00
     17.585  121.76336   25.19552    24.4860    33.7724    22.5693     6.4040  0.000e+00
     17.607  121.76336   25.19552    24.4865    33.7718    22.5687     6.4036  0.000e+00
     17.665  121.76336   25.19552    24.4852    33.7709    22.5685     6.4035  0.000e+00
     17.665  121.76336   25.19552    24.4815    33.7710    22.5696     6.3999  0.000e+00
     17.665  121.76336   25.19552    24.4775    33.7712    22.5709     6.4000  0.000e+00
     17.824  121.76336   25.19552    24.4748    33.7716    22.5721     6.3964  0.000e+00
     17.824  121.76336   25.19552    24.4723    33.7719    22.5731     6.3925  0.000e+00
     17.824  121.76336   25.19552    24.4708    33.7723    22.5738     6.3923  0.000e+00
     17.824  121.76336   25.19552    24.4696    33.7725    22.5743     6.3922  0.000e+00
     17.933  121.76336   25.19552    24.4684    33.7724    22.5746     6.3884  0.000e+00
     17.933  121.76336   25.19552    24.4671    33.7730    22.5754     6.3845  0.000e+00
     17.933  121.76336   25.19552    24.4666    33.7730    22.5756     6.3804  0.000e+00
     17.962  121.76336   25.19552    24.4661    33.7726    22.5754     6.3801  0.000e+00
     18.042  121.76336   25.19552    24.4655    33.7723    22.5754     6.3799  0.000e+00
     18.042  121.76336   25.19552    24.4650    33.7725    22.5757     6.3796  0.000e+00
     18.093  121.76336   25.19552    24.4654    33.7727    22.5757     6.3795  0.000e+00
     18.093  121.76336   25.19552    24.4650    33.7726    22.5758     6.3755  0.000e+00
     18.093  121.76336   25.19552    24.4650    33.7720    22.5753     6.3752  0.000e+00
     18.202  121.76336   25.19552    24.4645    33.7722    22.5757     6.3712  0.000e+00
     18.151  121.76336   25.19552    24.4641    33.7718    22.5755     6.3707  0.000e+00
     18.202  121.76336   25.19552    24.4637    33.7720    22.5757     6.3667  0.000e+00
     18.202  121.76336   25.19552    24.4630    33.7719    22.5759     6.3662  0.000e+00
     18.252  121.76336   25.19552    24.4611    33.7723    22.5767     6.3660  0.000e+00
     18.252  121.76336   25.19552    24.4591    33.7719    22.5770     6.3659  0.000e+00
     18.311  121.76336   25.19552    24.4554    33.7726    22.5787     6.3659  0.000e+00
