CTD/s1-1.cnv
* Sea-Bird SBE 9 Data File:
* FileName = D:\ctddata\cr2381\1-1.hex
* Software Version Seasave V 7.20g
* Temperature SN = 6284
* Conductivity SN = 4751
* Number of Bytes Per Scan = 34
* Number of Voltage Words = 5
* Number of Scans Averaged by the Deck Unit = 1
* NMEA Latitude = 25 11.29 N
* NMEA Longitude = 121 47.66 E
* NMEA UTC (Time) = Oct 07 2019  02:12:29
** Ship:
** Station:
** Operator:
# nquan = 8
# nvalues = 89                          
# units = specified
# name 0 = depSM: Depth [salt water, m]
# name 1 = longitude: Longitude [deg]
# name 2 = latitude: Latitude [deg]
# name 3 = t090C: Temperature [ITS-90, deg C]
# name 4 = sal00: Salinity, Practical [PSU]
# name 5 = sigma-é00: Density [sigma-theta, kg/m^3]
# name 6 = sbeox0Mg/L: Oxygen, SBE 43 [mg/l]
# name 7 = flag: flag
# span 0 =      1.000,     46.000       
# span 1 =  121.79360,  121.79446       
# span 2 =   25.18824,   25.18836       
# span 3 =    22.9294,    25.5022       
# span 4 =    33.7129,    33.9936       
# span 5 =    22.2163,    23.1933       
# span 6 =     6.3641,     6.6797       
# span 7 = 0.0000e+00, 0.0000e+00       
# interval = meters: 1                  
# start_time = Oct 07 2019 02:12:29 [NMEA time, header]
# bad_flag = -9.990e-29
*END*
      1.000  121.79446   25.18824    25.4616    33.7141    22.2294     6.6674 0.0000e+00
      2.000  121.79442   25.18824    25.4924    33.7129    22.2192     6.6695 0.0000e+00
      3.000  121.79442   25.18824    25.5022    33.7130    22.2163     6.6458 0.0000e+00
      4.000  121.79442   25.18824    25.4682    33.7141    22.2276     6.6797 0.0000e+00
      5.000  121.79440   25.18824    25.2037    33.7367    22.3253     6.6793 0.0000e+00
      6.000  121.79440   25.18826    25.0853    33.7493    22.3709     6.5923 0.0000e+00
      7.000  121.79438   25.18826    25.0931    33.7470    22.3669     6.5923 0.0000e+00
      8.000  121.79438   25.18826    25.0799    33.7495    22.3728     6.6249 0.0000e+00
      9.000  121.79436   25.18826    25.0598    33.7545    22.3828     6.6313 0.0000e+00
     10.000  121.79436   25.18826    25.0408    33.7602    22.3929     6.6106 0.0000e+00
     11.000  121.79436   25.18826    25.0159    33.7642    22.4035     6.6086 0.0000e+00
     12.000  121.79434   25.18826    25.0140    33.7645    22.4043     6.6006 0.0000e+00
     13.000  121.79434   25.18826    25.0073    33.7657    22.4074     6.6168 0.0000e+00
     14.000  121.79432   25.18826    24.9984    33.7672    22.4112     6.6105 0.0000e+00
     15.000  121.79432   25.18826    24.9650    33.7718    22.4249     6.6069 0.0000e+00
     16.000  121.79432   25.18826    24.9539    33.7733    22.4295     6.6084 0.0000e+00
     17.000  121.79431   25.18826    24.9343    33.7795    22.4401     6.6065 0.0000e+00
     18.000  121.79430   25.18826    24.9254    33.7815    22.4443     6.6072 0.0000e+00
     19.000  121.79428   25.18826    24.9152    33.7815    22.4475     6.6219 0.0000e+00
     20.000  121.79428   25.18827    24.9046    33.7845    22.4530     6.6099 0.0000e+00
     21.000  121.79427   25.18828    24.8924    33.7889    22.4601     6.6023 0.0000e+00
     22.000  121.79426   25.18828    24.8788    33.7881    22.4637     6.6010 0.0000e+00
     23.000  121.79426   25.18828    24.8698    33.7890    22.4671     6.5999 0.0000e+00
     24.000  121.79424   25.18828    24.8637    33.7897    22.4696     6.6040 0.0000e+00
     25.000  121.79424   25.18828    24.8601    33.7899    22.4708     6.6041 0.0000e+00
     26.000  121.79424   25.18828    24.8559    33.7908    22.4729     6.5962 0.0000e+00
     27.000  121.79422   25.18828    24.8496    33.7922    22.4759     6.5961 0.0000e+00
     28.000  121.79421   25.18828    24.8414    33.7930    22.4790     6.6085 0.0000e+00
     29.000  121.79420   25.18828    24.8324    33.7937    22.4823     6.5898 0.0000e+00
     30.000  121.79420   25.18828    24.8143    33.7955    22.4892     6.6109 0.0000e+00
     31.000  121.79419   25.18828    24.7810    33.7981    22.5012     6.5934 0.0000e+00
     32.000  121.79418   25.18828    24.6834    33.8130    22.5419     6.6188 0.0000e+00
     33.000  121.79416   25.18828    24.6012    33.8385    22.5858     6.6043 0.0000e+00
     34.000  121.79416   25.18828    24.5428    33.8557    22.6163     6.5928 0.0000e+00
     35.000  121.79416   25.18828    24.5070    33.8670    22.6357     6.5942 0.0000e+00
     36.000  121.79414   25.18828    24.4332    33.8890    22.6744     6.6142 0.0000e+00
     37.000  121.79414   25.18828    24.2918    33.8795    22.7093     6.6082 0.0000e+00
     38.000  121.79414   25.18828    24.0776    33.8771    22.7709     6.5538 0.0000e+00
     39.000  121.79413   25.18828    23.9011    33.9148    22.8516     6.4657 0.0000e+00
     40.000  121.79411   25.18828    23.8614    33.9191    22.8665     6.4650 0.0000e+00
     41.000  121.79410   25.18828    23.7899    33.9404    22.9037     6.4807 0.0000e+00
     42.000  121.79410   25.18828    23.5084    33.9699    23.0082     6.4954 0.0000e+00
     43.000  121.79410   25.18828    23.2902    33.9820    23.0806     6.4760 0.0000e+00
     44.000  121.79408   25.18829    23.0110    33.9928    23.1693     6.4196 0.0000e+00
     45.000  121.79408   25.18830    22.9294    33.9936    23.1933     6.3641 0.0000e+00
     46.000  121.79406   25.18829    22.9695    33.9884    23.1780     6.3657 0.0000e+00
     45.000  121.79406   25.18830    22.9512    33.9903    23.1846     6.3710 0.0000e+00
     44.000  121.79404   25.18830    23.0139    33.9839    23.1618     6.3770 0.0000e+00
     43.000  121.79402   25.18830    23.1383    33.9805    23.1234     6.3796 0.0000e+00
     42.000  121.79402   25.18830    23.2399    33.9729    23.0883     6.3885 0.0000e+00
     41.000  121.79400   25.18830    23.3376    33.9650    23.0539     6.4113 0.0000e+00
     40.000  121.79400   25.18830    23.6105    33.9500    22.9633     6.4025 0.0000e+00
     39.000  121.79399   25.18830    23.8067    33.9216    22.8843     6.4594 0.0000e+00
     38.000  121.79398   25.18830    23.8432    33.9149    22.8686     6.4852 0.0000e+00
     37.000  121.79396   25.18830    23.8803    33.9044    22.8497     6.4662 0.0000e+00
     36.000  121.79396   25.18830    23.9663    33.8728    22.8005     6.4668 0.0000e+00
     35.000  121.79395   25.18830    24.1027    33.8609    22.7511     6.4388 0.0000e+00
     34.000  121.79393   25.18830    24.2003    33.8529    22.7161     6.4677 0.0000e+00
     33.000  121.79392   25.18830    24.2868    33.8697    22.7031     6.4528 0.0000e+00
     32.000  121.79392   25.18830    24.3815    33.8913    22.6913     6.5015 0.0000e+00
     31.000  121.79390   25.18830    24.4144    33.8945    22.6839     6.6033 0.0000e+00
     30.000  121.79389   25.18830    24.5658    33.8455    22.6015     6.5973 0.0000e+00
     29.000  121.79388   25.18830    24.6366    33.8244    22.5643     6.6017 0.0000e+00
     28.000  121.79388   25.18831    24.6897    33.8139    22.5404     6.5924 0.0000e+00
     27.000  121.79387   25.18832    24.7806    33.7963    22.4997     6.5900 0.0000e+00
     26.000  121.79384   25.18831    24.8170    33.7918    22.4854     6.5954 0.0000e+00
     25.000  121.79384   25.18832    24.8189    33.7868    22.4810     6.5939 0.0000e+00
     24.000  121.79384   25.18832    24.8273    33.7941    22.4838     6.6051 0.0000e+00
     23.000  121.79383   25.18832    24.8296    33.7937    22.4828     6.5943 0.0000e+00
     22.000  121.79381   25.18832    24.8390    33.7940    22.4801     6.6066 0.0000e+00
     21.000  121.79380   25.18832    24.8481    33.7942    22.4774     6.5977 0.0000e+00
     20.000  121.79380   25.18832    24.8743    33.7905    22.4667     6.5990 0.0000e+00
     19.000  121.79379   25.18832    24.9263    33.7802    22.4432     6.6157 0.0000e+00
     18.000  121.79378   25.18832    24.9408    33.7784    22.4374     6.6179 0.0000e+00
     17.000  121.79377   25.18832    24.9499    33.7756    22.4325     6.6013 0.0000e+00
     16.000  121.79376   25.18832    24.9485    33.7736    22.4313     6.6242 0.0000e+00
     15.000  121.79374   25.18832    24.9405    33.7717    22.4322     6.6143 0.0000e+00
     14.000  121.79374   25.18832    24.9618    33.7681    22.4230     6.6180 0.0000e+00
     13.000  121.79372   25.18832    24.9794    33.7665    22.4164     6.6177 0.0000e+00
     12.000  121.79372   25.18832    24.9884    33.7651    22.4125     6.6314 0.0000e+00
     11.000  121.79371   25.18832    24.9887    33.7644    22.4118     6.6285 0.0000e+00
     10.000  121.79370   25.18832    24.9934    33.7607    22.4076     6.6214 0.0000e+00
      9.000  121.79369   25.18832    25.0299    33.7554    22.3925     6.6182 0.0000e+00
      8.000  121.79368   25.18832    25.0401    33.7519    22.3867     6.6305 0.0000e+00
      7.000  121.79366   25.18833    25.0522    33.7496    22.3812     6.6273 0.0000e+00
      6.000  121.79366   25.18832    25.0616    33.7484    22.3774     6.6344 0.0000e+00
      5.000  121.79366   25.18832    25.0838    33.7450    22.3680     6.5871 0.0000e+00
      4.000  121.79364   25.18833    25.1173    33.7388    22.3532     6.6268 0.0000e+00
      3.000  121.79360   25.18836    25.1513    33.7326    22.3379     6.6549 0.0000e+00
