CTD/s2-1.cnv
* Sea-Bird SBE 9 Data File:
* FileName = D:\ctddata\cr2381\2-1.hex
* Software Version Seasave V 7.20g
* Temperature SN = 6284
* Conductivity SN = 4751
* Number of Bytes Per Scan = 34
* Number of Voltage Words = 5
* Number of Scans Averaged by the Deck Unit = 1
* NMEA Latitude = 25 11.80 N
* NMEA Longitude = 121 47.88 E
* NMEA UTC (Time) = Oct 07 2019  02:24:37
** Ship: OR2
** Station: 2-1
** Operator: CR2381
# nquan = 8
# nvalues = 218                         
# units = specified
# name 0 = depSM: Depth [salt water, m]
# name 1 = longitude: Longitude [deg]
# name 2 = latitude: Latitude [deg]
# name 3 = t090C: Temperature [ITS-90, deg C]
# name 4 = sal00: Salinity, Practical [PSU]
# name 5 = sigma-é00: Density [sigma-theta, kg/m^3]
# name 6 = sbeox0Mg/L: Oxygen, SBE 43 [mg/l]
# name 7 = flag: flag
# span 0 =      2.000,    111.000       
# span 1 =  121.79750,  121.79802       
# span 2 =   25.19670,   25.19699       
# span 3 =    17.7207,    25.1907       
# span 4 =    33.7339,    34.3429       
# span 5 =    22.3270,    24.8415       
# span 6 =     5.6978,     6.6091       
# span 7 = 0.0000e+00, 0.0000e+00       
# interval = meters: 1                  
# start_time = Oct 07 2019 02:24:37 [NMEA time, header]
# bad_flag = -9.990e-29
*END*
[from data line 180]
     40.000  121.79763   25.19690    24.2457    33.8957    22.7355     6.5441 0.0000e+00
     39.000  121.79762   25.19690    24.2688    33.8934    22.7268     6.5350 0.0000e+00
     38.000  121.79762   25.19690    24.4027    33.8636    22.6644     6.5403 0.0000e+00
     37.000  121.79762   25.19690    24.4191    33.8494    22.6487     6.5426 0.0000e+00
     36.000  121.79762   25.19690    24.4283    33.8486    22.6453     6.5353 0.0000e+00
     35.000  121.79762   25.19690    24.4246    33.8507    22.6479     6.5310 0.0000e+00
     34.000  121.79762   25.19691    24.4234    33.8526    22.6497     6.5316 0.0000e+00
     33.000  121.79761   25.19692    24.4081    33.8589    22.6589     6.5268 0.0000e+00
     32.000  121.79760   25.19691    24.4199    33.8456    22.6453     6.5374 0.0000e+00
     31.000  121.79760   25.19691    24.4412    33.8318    22.6284     6.5157 0.0000e+00
     30.000  121.79760   25.19692    24.5064    33.7976    22.5831     6.4871 0.0000e+00
     29.000  121.79758   25.19692    24.5544    33.7772    22.5532     6.4688 0.0000e+00
     28.000  121.79758   25.19692    24.5932    33.7762    22.5409     6.4643 0.0000e+00
     27.000  121.79758   25.19692    24.6523    33.7602    22.5110     6.4628 0.0000e+00
     26.000  121.79758   25.19692    24.6531    33.7609    22.5112     6.4670 0.0000e+00
     25.000  121.79758   25.19692    24.6617    33.7616    22.5091     6.4708 0.0000e+00
     24.000  121.79758   25.19694    24.6830    33.7625    22.5033     6.4665 0.0000e+00
     23.000  121.79758   25.19694    24.7277    33.7607    22.4885     6.4783 0.0000e+00
     22.000  121.79758   25.19694    24.7316    33.7575    22.4849     6.4903 0.0000e+00
     21.000  121.79756   25.19692    24.7489    33.7597    22.4813     6.5057 0.0000e+00
     20.000  121.79756   25.19694    24.7818    33.7602    22.4716     6.5029 0.0000e+00
     19.000  121.79756   25.19694    24.7805    33.7612    22.4728     6.5205 0.0000e+00
     18.000  121.79756   25.19694    24.7839    33.7610    22.4715     6.5407 0.0000e+00
     17.000  121.79755   25.19694    24.7979    33.7607    22.4670     6.5269 0.0000e+00
     16.000  121.79754   25.19694    24.8123    33.7586    22.4610     6.5340 0.0000e+00
     15.000  121.79754   25.19694    24.8473    33.7592    22.4508     6.5287 0.0000e+00
     14.000  121.79754   25.19694    24.9417    33.7499    22.4153     6.5333 0.0000e+00
     13.000  121.79754   25.19694    24.9353    33.7515    22.4184     6.5630 0.0000e+00
     12.000  121.79753   25.19694    24.9496    33.7505    22.4133     6.5839 0.0000e+00
     11.000  121.79752   25.19696    24.9776    33.7490    22.4036     6.5794 0.0000e+00
     10.000  121.79752   25.19696    24.9583    33.7506    22.4106     6.5844 0.0000e+00
      9.000  121.79752   25.19696    24.9622    33.7506    22.4094     6.5842 0.0000e+00
      8.000  121.79752   25.19696    24.9661    33.7509    22.4083     6.5940 0.0000e+00
      7.000  121.79752   25.19696    24.9871    33.7505    22.4016     6.5885 0.0000e+00
      6.000  121.79751   25.19697    24.9664    33.7509    22.4081     6.6004 0.0000e+00
      5.000  121.79750   25.19697    24.9571    33.7527    22.4122     6.5905 0.0000e+00
      4.000  121.79750   25.19696    24.9839    33.7515    22.4031     6.5928 0.0000e+00
      3.000  121.79750   25.19699    25.0193    33.7485    22.3901     6.5952 0.0000e+00
