CTD/s2-1.cnv
* Sea-Bird SBE 9 Data File:
* FileName = D:\ctddata\cr2381\2-1.hex
* Software Version Seasave V 7.20g
* Temperature SN = 6284
* Conductivity SN = 4751
* Number of Bytes Per Scan = 34
* Number of Voltage Words = 5
* Number of Scans Averaged by the Deck Unit = 1
* NMEA Latitude = 25 11.80 N
* NMEA Longitude = 121 47.88 E
* NMEA UTC (Time) = Oct 07 2019  02:24:37
** Ship: OR2
** Station: 2-1
** Operator: CR2381
# nquan = 8
# nvalues = 218                         
# units = specified
# name 0 = depSM: Depth [salt water, m]
# name 1 = longitude: Longitude [deg]
# name 2 = latitude: Latitude [deg]
# name 3 = t090C: Temperature [ITS-90, deg C]
# name 4 = sal00: Salinity, Practical [PSU]
# name 5 = sigma-é00: Density [sigma-theta, kg/m^3]
# name 6 = sbeox0Mg/L: Oxygen, SBE 43 [mg/l]
# name 7 = flag: flag
# span 0 =      2.000,    111.000       
# span 1 =  121.79750,  121.79802       
# span 2 =   25.19670,   25.19699       
# span 3 =    17.7207,    25.1907       
# span 4 =    33.7339,    34.3429       
# span 5 =    22.3270,    24.8415       
# span 6 =     5.6978,     6.6091       
# span 7 = 0.0000e+00, 0.0000e+00       
# interval = meters: 1                  
# start_time = Oct 07 2019 02:24:37 [NMEA time, header]
# bad_flag = -9.990e-29
*END*
      2.000  121.79802   25.19670    25.1907    33.7339    22.3270     6.5804 0.0000e+00
      3.000  121.79802   25.19671    25.1635    33.7357    22.3367     6.5926 0.0000e+00
      4.000  121.79802   25.19672    25.1405    33.7365    22.3444     6.6091 0.0000e+00
      5.000  121.79802   25.19671    25.0639    33.7440    22.3733     6.5957 0.0000e+00
      6.000  121.79802   25.19671    24.9992    33.7513    22.3985     6.5641 0.0000e+00
      7.000  121.79802   25.19672    24.9278    33.7582    22.4253     6.5593 0.0000e+00
      8.000  121.79802   25.19672    24.8931    33.7600    22.4372     6.5525 0.0000e+00
      9.000  121.79802   25.19672    24.8862    33.7590    22.4386     6.5328 0.0000e+00
     10.000  121.79802   25.19672    24.8984    33.7587    22.4348     6.5319 0.0000e+00
     11.000  121.79802   25.19672    24.8786    33.7581    22.4403     6.5469 0.0000e+00
     12.000  121.79800   25.19672    24.8755    33.7578    22.4412     6.5319 0.0000e+00
     13.000  121.79800   25.19672    24.8198    33.7582    22.4583     6.5231 0.0000e+00
     14.000  121.79800   25.19672    24.8041    33.7592    22.4638     6.5131 0.0000e+00
     15.000  121.79800   25.19672    24.7851    33.7590    22.4694     6.4841 0.0000e+00
     16.000  121.79800   25.19672    24.7528    33.7605    22.4804     6.4977 0.0000e+00
     17.000  121.79800   25.19672    24.7406    33.7610    22.4845     6.4989 0.0000e+00
     18.000  121.79800   25.19672    24.7400    33.7606    22.4844     6.4863 0.0000e+00
     19.000  121.79800   25.19672    24.6953    33.7642    22.5006     6.5079 0.0000e+00
     20.000  121.79800   25.19672    24.6988    33.7640    22.4995     6.4846 0.0000e+00
     21.000  121.79800   25.19672    24.6709    33.7655    22.5090     6.4605 0.0000e+00
     22.000  121.79800   25.19672    24.6701    33.7659    22.5096     6.4437 0.0000e+00
     23.000  121.79800   25.19672    24.6250    33.7692    22.5257     6.4554 0.0000e+00
     24.000  121.79800   25.19672    24.5665    33.7754    22.5479     6.4513 0.0000e+00
     25.000  121.79800   25.19672    24.5243    33.7821    22.5657     6.4590 0.0000e+00
     26.000  121.79800   25.19672    24.5378    33.7791    22.5595     6.4429 0.0000e+00
     27.000  121.79800   25.19672    24.5318    33.7821    22.5636     6.4515 0.0000e+00
     28.000  121.79800   25.19672    24.5191    33.7942    22.5766     6.4460 0.0000e+00
     29.000  121.79800   25.19672    24.4757    33.8126    22.6035     6.4503 0.0000e+00
     30.000  121.79800   25.19672    24.4686    33.8201    22.6114     6.4619 0.0000e+00
     31.000  121.79799   25.19672    24.4642    33.8255    22.6169     6.5047 0.0000e+00
     32.000  121.79798   25.19672    24.4694    33.8212    22.6121     6.4957 0.0000e+00
     33.000  121.79798   25.19672    24.4700    33.8237    22.6139     6.4880 0.0000e+00
     34.000  121.79798   25.19672    24.4646    33.8386    22.6268     6.4889 0.0000e+00
     35.000  121.79798   25.19672    24.4603    33.8480    22.6352     6.5218 0.0000e+00
     36.000  121.79798   25.19672    24.4584    33.8521    22.6390     6.5145 0.0000e+00
     37.000  121.79798   25.19672    24.4374    33.8725    22.6607     6.5117 0.0000e+00
     38.000  121.79798   25.19672    24.4351    33.8762    22.6643     6.5420 0.0000e+00
     39.000  121.79798   25.19674    24.4188    33.8876    22.6778     6.5560 0.0000e+00
     40.000  121.79798   25.19674    24.3309    33.9052    22.7174     6.5652 0.0000e+00
     41.000  121.79798   25.19673    24.2913    33.9057    22.7296     6.5673 0.0000e+00
     42.000  121.79797   25.19672    24.2931    33.9059    22.7292     6.5797 0.0000e+00
     43.000  121.79796   25.19672    24.2935    33.9055    22.7289     6.5874 0.0000e+00
     44.000  121.79796   25.19674    24.2934    33.9055    22.7290     6.5682 0.0000e+00
     45.000  121.79796   25.19674    24.2496    33.9089    22.7445     6.5430 0.0000e+00
     46.000  121.79797   25.19674    23.8678    33.9300    22.8733     6.5442 0.0000e+00
     47.000  121.79796   25.19674    23.6477    33.9374    22.9433     6.4839 0.0000e+00
     48.000  121.79796   25.19674    23.3984    33.9470    23.0231     6.5109 0.0000e+00
     49.000  121.79796   25.19674    23.3130    33.9514    23.0513     6.4693 0.0000e+00
     50.000  121.79796   25.19674    22.9687    33.9576    23.1547     6.4201 0.0000e+00
     51.000  121.79796   25.19674    22.4237    33.9912    23.3355     6.3449 0.0000e+00
     52.000  121.79796   25.19674    22.2432    33.9926    23.3874     6.1877 0.0000e+00
     53.000  121.79796   25.19674    21.5753    34.0500    23.6166     6.2404 0.0000e+00
     54.000  121.79796   25.19674    21.4063    34.0667    23.6758     6.1346 0.0000e+00
     55.000  121.79796   25.19674    21.3631    34.0690    23.6894     6.0868 0.0000e+00
     56.000  121.79796   25.19674    21.3244    34.0705    23.7012     6.0856 0.0000e+00
     57.000  121.79796   25.19674    21.2357    34.0697    23.7248     6.1113 0.0000e+00
     58.000  121.79796   25.19674    20.8055    34.1089    23.8711     6.1214 0.0000e+00
     59.000  121.79795   25.19674    20.6128    34.1294    23.9384     6.0853 0.0000e+00
     60.000  121.79794   25.19674    20.4545    34.1387    23.9878     6.0022 0.0000e+00
     61.000  121.79794   25.19674    20.0933    34.1649    24.1032     6.0106 0.0000e+00
     62.000  121.79794   25.19674    19.5530    34.2220    24.2877     6.0441 0.0000e+00
     63.000  121.79794   25.19674    19.2823    34.2489    24.3780     5.9904 0.0000e+00
     64.000  121.79794   25.19674    19.2008    34.2506    24.4002     5.8855 0.0000e+00
     65.000  121.79794   25.19674    19.1597    34.2476    24.4085     5.8313 0.0000e+00
     66.000  121.79794   25.19674    19.1275    34.2459    24.4155     5.8517 0.0000e+00
     67.000  121.79794   25.19674    19.0989    34.2451    24.4222     5.8536 0.0000e+00
     68.000  121.79794   25.19674    19.0190    34.2521    24.4479     5.8491 0.0000e+00
     69.000  121.79794   25.19674    18.9654    34.2563    24.4647     5.8525 0.0000e+00
     70.000  121.79794   25.19674    18.9526    34.2546    24.4667     5.8258 0.0000e+00
     71.000  121.79794   25.19674    18.9355    34.2546    24.4711     5.8109 0.0000e+00
     72.000  121.79792   25.19674    18.8654    34.2598    24.4928     5.8294 0.0000e+00
     73.000  121.79792   25.19676    18.8092    34.2641    24.5104     5.8265 0.0000e+00
     74.000  121.79792   25.19676    18.7802    34.2644    24.5179     5.8198 0.0000e+00
     75.000  121.79792   25.19676    18.7791    34.2638    24.5178     5.8109 0.0000e+00
     76.000  121.79792   25.19676    18.7703    34.2638    24.5200     5.8059 0.0000e+00
     77.000  121.79792   25.19676    18.7396    34.2654    24.5291     5.7998 0.0000e+00
     78.000  121.79792   25.19676    18.7014    34.2680    24.5407     5.8071 0.0000e+00
     79.000  121.79792   25.19676    18.6892    34.2687    24.5444     5.8080 0.0000e+00
     80.000  121.79790   25.19676    18.5581    34.2806    24.5863     5.7997 0.0000e+00
     81.000  121.79790   25.19676    18.5078    34.2835    24.6011     5.7976 0.0000e+00
     82.000  121.79790   25.19676    18.3301    34.3000    24.6580     5.8097 0.0000e+00
     83.000  121.79790   25.19676    18.2673    34.3069    24.6789     5.7843 0.0000e+00
     84.000  121.79790   25.19676    18.1466    34.3173    24.7167     5.7725 0.0000e+00
     85.000  121.79790   25.19676    18.1015    34.3186    24.7289     5.7629 0.0000e+00
     86.000  121.79790   25.19676    18.0944    34.3183    24.7304     5.7604 0.0000e+00
     87.000  121.79790   25.19676    18.0835    34.3191    24.7337     5.7572 0.0000e+00
     88.000  121.79790   25.19676    18.0659    34.3188    24.7379     5.7370 0.0000e+00
     89.000  121.79790   25.19677    18.0364    34.3212    24.7470     5.7600 0.0000e+00
     90.000  121.79790   25.19678    18.0232    34.3218    24.7508     5.7595 0.0000e+00
     91.000  121.79790   25.19676    18.0122    34.3218    24.7535     5.7551 0.0000e+00
     92.000  121.79788   25.19676    17.9868    34.3244    24.7618     5.7638 0.0000e+00
     93.000  121.79788   25.19676    17.9795    34.3245    24.7637     5.7491 0.0000e+00
     94.000  121.79788   25.19677    17.8994    34.3320    24.7890     5.7532 0.0000e+00
     95.000  121.79788   25.19678    17.8900    34.3315    24.7910     5.7454 0.0000e+00
     96.000  121.79788   25.19678    17.8722    34.3322    24.7959     5.7316 0.0000e+00
     97.000  121.79787   25.19678    17.8447    34.3344    24.8044     5.7319 0.0000e+00
     98.000  121.79786   25.19678    17.8494    34.3337    24.8028     5.7353 0.0000e+00
     99.000  121.79786   25.19678    17.8547    34.3328    24.8008     5.7399 0.0000e+00
    100.000  121.79786   25.19678    17.8366    34.3338    24.8060     5.7349 0.0000e+00
    101.000  121.79786   25.19678    17.8350    34.3338    24.8064     5.7223 0.0000e+00
    102.000  121.79786   25.19678    17.8373    34.3331    24.8054     5.7323 0.0000e+00
    103.000  121.79786   25.19678    17.8360    34.3331    24.8058     5.7221 0.0000e+00
    104.000  121.79786   25.19678    17.8307    34.3333    24.8072     5.7279 0.0000e+00
    105.000  121.79786   25.19678    17.8117    34.3347    24.8130     5.7449 0.0000e+00
    106.000  121.79786   25.19678    17.7427    34.3417    24.8351     5.7391 0.0000e+00
    107.000  121.79786   25.19678    17.7329    34.3417    24.8376     5.7282 0.0000e+00
    108.000  121.79786   25.19678    17.7207    34.3429    24.8415     5.7137 0.0000e+00
    109.000  121.79786   25.19678    17.7220    34.3423    24.8408     5.6978 0.0000e+00
    110.000  121.79785   25.19679    17.7264    34.3410    24.8387     5.7154 0.0000e+00
    111.000  121.79784   25.19678    17.7302    34.3399    24.8370     5.7177 0.0000e+00
    110.000  121.79784   25.19679    17.7259    34.3402    24.8383     5.7143 0.0000e+00
    109.000  121.79784   25.19680    17.7253    34.3400    24.8382     5.7248 0.0000e+00
    108.000  121.79784   25.19680    17.7232    34.3402    24.8388     5.7287 0.0000e+00
    107.000  121.79784   25.19680    17.7279    34.3396    24.8372     5.7299 0.0000e+00
    106.000  121.79783   25.19680    17.7339    34.3389    24.8351     5.7211 0.0000e+00
    105.000  121.79784   25.19680    17.7589    34.3374    24.8279     5.7173 0.0000e+00
    104.000  121.79783   25.19680    17.8183    34.3303    24.8080     5.7231 0.0000e+00
    103.000  121.79782   25.19680    17.8267    34.3299    24.8055     5.7255 0.0000e+00
    102.000  121.79782   25.19680    17.8297    34.3299    24.8048     5.7445 0.0000e+00
    101.000  121.79782   25.19680    17.8289    34.3301    24.8051     5.7358 0.0000e+00
    100.000  121.79782   25.19680    17.8213    34.3311    24.8077     5.7251 0.0000e+00
     99.000  121.79781   25.19680    17.8274    34.3305    24.8057     5.7378 0.0000e+00
     98.000  121.79780   25.19680    17.8406    34.3296    24.8017     5.7515 0.0000e+00
     97.000  121.79780   25.19680    17.8865    34.3252    24.7871     5.7385 0.0000e+00
     96.000  121.79780   25.19680    17.9043    34.3231    24.7811     5.7449 0.0000e+00
     95.000  121.79780   25.19680    17.9085    34.3232    24.7802     5.7334 0.0000e+00
     94.000  121.79780   25.19682    17.9080    34.3236    24.7805     5.7349 0.0000e+00
     93.000  121.79780   25.19682    17.9351    34.3207    24.7716     5.7368 0.0000e+00
     92.000  121.79780   25.19682    17.9598    34.3187    24.7640     5.7386 0.0000e+00
     91.000  121.79780   25.19682    17.9646    34.3182    24.7624     5.7414 0.0000e+00
     90.000  121.79779   25.19682    17.9629    34.3187    24.7632     5.7431 0.0000e+00
     89.000  121.79778   25.19682    17.9725    34.3179    24.7602     5.7454 0.0000e+00
     88.000  121.79778   25.19682    18.0095    34.3135    24.7476     5.7354 0.0000e+00
     87.000  121.79778   25.19682    18.1019    34.3084    24.7210     5.7342 0.0000e+00
     86.000  121.79778   25.19682    18.3586    34.2803    24.6361     5.7499 0.0000e+00
     85.000  121.79778   25.19682    18.3383    34.2845    24.6443     5.7701 0.0000e+00
     84.000  121.79778   25.19682    18.3380    34.2857    24.6452     5.7653 0.0000e+00
     83.000  121.79778   25.19682    18.3934    34.2810    24.6278     5.7733 0.0000e+00
     82.000  121.79776   25.19682    18.6224    34.2592    24.5539     5.7611 0.0000e+00
     81.000  121.79776   25.19683    18.6585    34.2565    24.5428     5.7970 0.0000e+00
     80.000  121.79776   25.19684    18.6425    34.2591    24.5488     5.7850 0.0000e+00
     79.000  121.79776   25.19684    18.6565    34.2630    24.5482     5.7684 0.0000e+00
     78.000  121.79775   25.19684    18.7495    34.2505    24.5152     5.7946 0.0000e+00
     77.000  121.79774   25.19684    18.7649    34.2498    24.5108     5.7896 0.0000e+00
     76.000  121.79774   25.19684    18.7738    34.2499    24.5085     5.8017 0.0000e+00
     75.000  121.79774   25.19684    18.8169    34.2471    24.4955     5.8002 0.0000e+00
     74.000  121.79774   25.19684    18.8602    34.2433    24.4816     5.7989 0.0000e+00
     73.000  121.79774   25.19684    18.9353    34.2360    24.4570     5.7847 0.0000e+00
     72.000  121.79774   25.19684    18.9826    34.2324    24.4423     5.8118 0.0000e+00
     71.000  121.79772   25.19684    19.0178    34.2295    24.4311     5.8251 0.0000e+00
     70.000  121.79772   25.19685    19.0260    34.2294    24.4288     5.8284 0.0000e+00
     69.000  121.79772   25.19686    19.0375    34.2288    24.4254     5.8263 0.0000e+00
     68.000  121.79772   25.19686    19.0622    34.2274    24.4180     5.8291 0.0000e+00
     67.000  121.79772   25.19685    19.1285    34.2210    24.3962     5.8303 0.0000e+00
     66.000  121.79770   25.19685    19.1474    34.2201    24.3906     5.8334 0.0000e+00
     65.000  121.79770   25.19686    19.1640    34.2204    24.3866     5.8368 0.0000e+00
     64.000  121.79770   25.19686    19.4358    34.2096    24.3085     5.8037 0.0000e+00
     63.000  121.79770   25.19686    20.1060    34.1311    24.0743     5.7713 0.0000e+00
     62.000  121.79770   25.19686    20.3408    34.1098    23.9960     5.8733 0.0000e+00
     61.000  121.79770   25.19686    20.5653    34.0932    23.9236     5.9699 0.0000e+00
     60.000  121.79770   25.19686    20.6735    34.0888    23.8913     5.9754 0.0000e+00
     59.000  121.79770   25.19686    20.7272    34.0854    23.8743     5.9762 0.0000e+00
     58.000  121.79768   25.19686    21.1943    34.0441    23.7165     5.9816 0.0000e+00
     57.000  121.79768   25.19686    21.3498    34.0336    23.6663     6.0809 0.0000e+00
     56.000  121.79768   25.19687    21.3930    34.0329    23.6539     6.0739 0.0000e+00
     55.000  121.79768   25.19688    21.5154    34.0221    23.6120     6.0615 0.0000e+00
     54.000  121.79768   25.19688    21.7111    34.0020    23.5428     6.0727 0.0000e+00
     53.000  121.79768   25.19688    21.9748    33.9783    23.4516     6.0968 0.0000e+00
     52.000  121.79767   25.19688    22.2708    33.9593    23.3544     6.1177 0.0000e+00
     51.000  121.79766   25.19688    22.4367    33.9512    23.3015     6.1802 0.0000e+00
     50.000  121.79766   25.19688    22.6700    33.9426    23.2289     6.1928 0.0000e+00
     49.000  121.79766   25.19688    22.9114    33.9295    23.1501     6.2030 0.0000e+00
     48.000  121.79766   25.19688    22.9985    33.9274    23.1236     6.2681 0.0000e+00
     47.000  121.79764   25.19688    23.1970    33.9230    23.0631     6.3142 0.0000e+00
     46.000  121.79764   25.19690    23.4756    33.9148    22.9762     6.3347 0.0000e+00
     45.000  121.79764   25.19690    23.7285    33.9136    22.9016     6.3738 0.0000e+00
     44.000  121.79764   25.19690    23.9888    33.9049    22.8185     6.4164 0.0000e+00
     43.000  121.79764   25.19690    24.1958    33.8979    22.7521     6.5075 0.0000e+00
     42.000  121.79764   25.19690    24.2342    33.8951    22.7386     6.5660 0.0000e+00
