CTD/s3-1.cnv
* Sea-Bird SBE 9 Data File:
* FileName = D:\ctddata\cr2381\3-1.hex
* Software Version Seasave V 7.20g
* Temperature SN = 6284
* Conductivity SN = 4751
* Number of Bytes Per Scan = 34
* Number of Voltage Words = 5
* Number of Scans Averaged by the Deck Unit = 1
* NMEA Latitude = 25 12.34 N
* NMEA Longitude = 121 47.88 E
* NMEA UTC (Time) = Oct 07 2019  02:37:35
** Ship: OR2
** Station: 3-1
** Operator: CR2381
# nquan = 8
# nvalues = 239                         
# units = specified
# name 0 = depSM: Depth [salt water, m]
# name 1 = longitude: Longitude [deg]
# name 2 = latitude: Latitude [deg]
# name 3 = t090C: Temperature [ITS-90, deg C]
# name 4 = sal00: Salinity, Practical [PSU]
# name 5 = sigma-é00: Density [sigma-theta, kg/m^3]
# name 6 = sbeox0Mg/L: Oxygen, SBE 43 [mg/l]
# name 7 = flag: flag
# span 0 =      1.000,    121.000       
# span 1 =  121.79730,  121.79807       
# span 2 =   25.20568,   25.20580       
# span 3 =    16.8903,    25.7015       
# span 4 =    33.8185,    34.4026       
# span 5 =    22.2422,    25.0861       
# span 6 =     5.6357,     6.9591       
# span 7 = 0.0000e+00, 0.0000e+00       
# interval = meters: 1                  
# start_time = Oct 07 2019 02:37:35 [NMEA time, header]
# bad_flag = -9.990e-29
*END*
[from data line 180]
     61.000  121.79752   25.20576    18.9434    34.2409    24.4582     5.8194 0.0000e+00
     60.000  121.79752   25.20576    18.9805    34.2372    24.4459     5.8391 0.0000e+00
     59.000  121.79752   25.20576    19.1247    34.2260    24.4007     5.8124 0.0000e+00
     58.000  121.79752   25.20576    19.4925    34.2010    24.2870     5.8096 0.0000e+00
     57.000  121.79751   25.20576    19.8697    34.1572    24.1559     5.8230 0.0000e+00
     56.000  121.79750   25.20576    20.1069    34.1417    24.0817     5.9020 0.0000e+00
     55.000  121.79750   25.20575    20.5866    34.1035    23.9255     5.9246 0.0000e+00
     54.000  121.79750   25.20574    21.0809    34.0631    23.7615     5.9337 0.0000e+00
     53.000  121.79749   25.20574    21.5406    34.0134    23.5983     6.0486 0.0000e+00
     52.000  121.79748   25.20574    22.0728    33.9702    23.4181     6.0657 0.0000e+00
     51.000  121.79748   25.20574    22.4055    33.9461    23.3064     6.0768 0.0000e+00
     50.000  121.79748   25.20574    22.5230    33.9327    23.2630     6.1569 0.0000e+00
     49.000  121.79748   25.20574    22.6063    33.9270    23.2351     6.1961 0.0000e+00
     48.000  121.79748   25.20574    22.9768    33.8940    23.1042     6.1806 0.0000e+00
     47.000  121.79748   25.20574    23.7691    33.8277    22.8249     6.2238 0.0000e+00
     46.000  121.79748   25.20574    23.8245    33.8338    22.8132     6.3330 0.0000e+00
     45.000  121.79748   25.20574    23.8537    33.8377    22.8075     6.3534 0.0000e+00
     44.000  121.79746   25.20574    23.8662    33.8474    22.8111     6.3690 0.0000e+00
     43.000  121.79746   25.20574    23.8772    33.8511    22.8106     6.4026 0.0000e+00
     42.000  121.79746   25.20574    23.9107    33.8519    22.8013     6.3814 0.0000e+00
     41.000  121.79745   25.20574    24.1465    33.8348    22.7188     6.3865 0.0000e+00
     40.000  121.79744   25.20573    24.3666    33.8559    22.6694     6.4007 0.0000e+00
     39.000  121.79744   25.20572    24.4670    33.8688    22.6492     6.4743 0.0000e+00
     38.000  121.79744   25.20572    24.5101    33.8686    22.6361     6.5643 0.0000e+00
     37.000  121.79744   25.20572    24.5102    33.8639    22.6325     6.5915 0.0000e+00
     36.000  121.79744   25.20572    24.5402    33.8702    22.6282     6.5675 0.0000e+00
     35.000  121.79744   25.20572    24.5603    33.8726    22.6240     6.5829 0.0000e+00
     34.000  121.79743   25.20572    24.5783    33.8774    22.6222     6.6086 0.0000e+00
     33.000  121.79742   25.20572    24.6413    33.8891    22.6121     6.6365 0.0000e+00
     32.000  121.79742   25.20572    24.7052    33.8869    22.5912     6.6475 0.0000e+00
     31.000  121.79742   25.20572    24.8818    33.8830    22.5351     6.6550 0.0000e+00
     30.000  121.79742   25.20572    25.0142    33.8790    22.4920     6.7181 0.0000e+00
     29.000  121.79742   25.20572    25.0257    33.8812    22.4901     6.7868 0.0000e+00
     28.000  121.79741   25.20572    25.0580    33.8776    22.4775     6.7892 0.0000e+00
     27.000  121.79740   25.20572    25.0943    33.8730    22.4630     6.7816 0.0000e+00
     26.000  121.79740   25.20572    25.1271    33.8680    22.4492     6.7752 0.0000e+00
     25.000  121.79740   25.20572    25.2218    33.8580    22.4128     6.7952 0.0000e+00
     24.000  121.79738   25.20571    25.4407    33.8369    22.3300     6.8388 0.0000e+00
     23.000  121.79740   25.20570    25.6025    33.8232    22.2700     6.8943 0.0000e+00
     22.000  121.79740   25.20570    25.6487    33.8185    22.2523     6.9295 0.0000e+00
     21.000  121.79738   25.20572    25.6589    33.8197    22.2500     6.9458 0.0000e+00
     20.000  121.79738   25.20572    25.6639    33.8210    22.2493     6.9337 0.0000e+00
     19.000  121.79738   25.20570    25.6654    33.8215    22.2491     6.9332 0.0000e+00
     18.000  121.79738   25.20570    25.6681    33.8227    22.2492     6.9279 0.0000e+00
     17.000  121.79737   25.20570    25.6663    33.8234    22.2501     6.9313 0.0000e+00
     16.000  121.79736   25.20570    25.6643    33.8240    22.2512     6.9417 0.0000e+00
     15.000  121.79736   25.20570    25.6610    33.8249    22.2528     6.9333 0.0000e+00
     14.000  121.79736   25.20570    25.6624    33.8250    22.2524     6.9253 0.0000e+00
     13.000  121.79736   25.20570    25.6631    33.8255    22.2525     6.9319 0.0000e+00
     12.000  121.79736   25.20570    25.6641    33.8257    22.2522     6.9434 0.0000e+00
     11.000  121.79734   25.20570    25.6668    33.8259    22.2515     6.9433 0.0000e+00
     10.000  121.79734   25.20569    25.6683    33.8261    22.2511     6.9352 0.0000e+00
      9.000  121.79734   25.20570    25.6688    33.8262    22.2510     6.9591 0.0000e+00
      8.000  121.79733   25.20568    25.6703    33.8263    22.2505     6.9479 0.0000e+00
      7.000  121.79732   25.20568    25.6724    33.8265    22.2500     6.9509 0.0000e+00
      6.000  121.79732   25.20568    25.6580    33.8287    22.2559     6.9423 0.0000e+00
      5.000  121.79732   25.20568    25.6716    33.8290    22.2520     6.9506 0.0000e+00
      4.000  121.79730   25.20568    25.7015    33.8283    22.2422     6.9496 0.0000e+00
      3.000  121.79730   25.20568    25.6991    33.8291    22.2434     6.9387 0.0000e+00
