CTD/s3-1.cnv
* Sea-Bird SBE 9 Data File:
* FileName = D:\ctddata\cr2381\3-1.hex
* Software Version Seasave V 7.20g
* Temperature SN = 6284
* Conductivity SN = 4751
* Number of Bytes Per Scan = 34
* Number of Voltage Words = 5
* Number of Scans Averaged by the Deck Unit = 1
* NMEA Latitude = 25 12.34 N
* NMEA Longitude = 121 47.88 E
* NMEA UTC (Time) = Oct 07 2019  02:37:35
** Ship: OR2
** Station: 3-1
** Operator: CR2381
# nquan = 8
# nvalues = 239                         
# units = specified
# name 0 = depSM: Depth [salt water, m]
# name 1 = longitude: Longitude [deg]
# name 2 = latitude: Latitude [deg]
# name 3 = t090C: Temperature [ITS-90, deg C]
# name 4 = sal00: Salinity, Practical [PSU]
# name 5 = sigma-é00: Density [sigma-theta, kg/m^3]
# name 6 = sbeox0Mg/L: Oxygen, SBE 43 [mg/l]
# name 7 = flag: flag
# span 0 =      1.000,    121.000       
# span 1 =  121.79730,  121.79807       
# span 2 =   25.20568,   25.20580       
# span 3 =    16.8903,    25.7015       
# span 4 =    33.8185,    34.4026       
# span 5 =    22.2422,    25.0861       
# span 6 =     5.6357,     6.9591       
# span 7 = 0.0000e+00, 0.0000e+00       
# interval = meters: 1                  
# start_time = Oct 07 2019 02:37:35 [NMEA time, header]
# bad_flag = -9.990e-29
*END*
      1.000  121.79807   25.20578    25.5890    33.8333    22.2803     6.8559 0.0000e+00
      2.000  121.79805   25.20578    25.5855    33.8333    22.2814     6.8602 0.0000e+00
      3.000  121.79804   25.20578    25.5835    33.8329    22.2818     6.8237 0.0000e+00
      4.000  121.79804   25.20578    25.5714    33.8327    22.2855     6.8631 0.0000e+00
      5.000  121.79804   25.20578    25.5653    33.8327    22.2874     6.8673 0.0000e+00
      6.000  121.79803   25.20578    25.5616    33.8332    22.2890     6.8419 0.0000e+00
      7.000  121.79802   25.20578    25.5621    33.8331    22.2888     6.8607 0.0000e+00
      8.000  121.79802   25.20578    25.5577    33.8328    22.2900     6.8636 0.0000e+00
      9.000  121.79802   25.20578    25.5599    33.8323    22.2890     6.8674 0.0000e+00
     10.000  121.79802   25.20578    25.5507    33.8317    22.2914     6.8759 0.0000e+00
     11.000  121.79802   25.20578    25.5421    33.8316    22.2941     6.8778 0.0000e+00
     12.000  121.79801   25.20579    25.5429    33.8307    22.2932     6.8580 0.0000e+00
     13.000  121.79800   25.20578    25.5470    33.8303    22.2918     6.8743 0.0000e+00
     14.000  121.79800   25.20580    25.5473    33.8305    22.2919     6.8628 0.0000e+00
     15.000  121.79800   25.20580    25.5634    33.8316    22.2878     6.8462 0.0000e+00
     16.000  121.79800   25.20578    25.5745    33.8316    22.2845     6.8761 0.0000e+00
     17.000  121.79800   25.20578    25.5868    33.8313    22.2806     6.8891 0.0000e+00
     18.000  121.79800   25.20578    25.5692    33.8315    22.2862     6.9208 0.0000e+00
     19.000  121.79800   25.20578    25.5693    33.8320    22.2866     6.9145 0.0000e+00
     20.000  121.79800   25.20580    25.5770    33.8312    22.2837     6.8761 0.0000e+00
     21.000  121.79798   25.20580    25.5847    33.8310    22.2813     6.8892 0.0000e+00
     22.000  121.79798   25.20580    25.6090    33.8293    22.2726     6.9140 0.0000e+00
     23.000  121.79798   25.20580    25.6127    33.8284    22.2708     6.9099 0.0000e+00
     24.000  121.79798   25.20580    25.5972    33.8285    22.2757     6.9117 0.0000e+00
     25.000  121.79798   25.20580    25.4414    33.8475    22.3379     6.9432 0.0000e+00
     26.000  121.79796   25.20580    25.2207    33.8718    22.4236     6.8895 0.0000e+00
     27.000  121.79796   25.20580    25.1582    33.8765    22.4462     6.8321 0.0000e+00
     28.000  121.79796   25.20580    25.1123    33.8800    22.4629     6.8295 0.0000e+00
     29.000  121.79796   25.20580    25.0939    33.8812    22.4694     6.8056 0.0000e+00
     30.000  121.79796   25.20580    25.0829    33.8827    22.4740     6.7724 0.0000e+00
     31.000  121.79796   25.20580    25.0371    33.8892    22.4928     6.7972 0.0000e+00
     32.000  121.79796   25.20580    24.9470    33.8959    22.5252     6.7959 0.0000e+00
     33.000  121.79795   25.20580    24.7509    33.8998    22.5873     6.7781 0.0000e+00
     34.000  121.79794   25.20580    24.5166    33.8824    22.6444     6.7610 0.0000e+00
     35.000  121.79794   25.20580    24.5228    33.8829    22.6430     6.6414 0.0000e+00
     36.000  121.79794   25.20580    24.5094    33.8801    22.6449     6.5786 0.0000e+00
     37.000  121.79794   25.20580    24.4855    33.8745    22.6479     6.6009 0.0000e+00
     38.000  121.79794   25.20580    24.4739    33.8735    22.6507     6.5748 0.0000e+00
     39.000  121.79794   25.20580    24.4576    33.8737    22.6557     6.5773 0.0000e+00
     40.000  121.79794   25.20580    24.4431    33.8749    22.6611     6.5868 0.0000e+00
     41.000  121.79792   25.20580    24.3751    33.8803    22.6855     6.5771 0.0000e+00
     42.000  121.79792   25.20580    24.3341    33.8811    22.6982     6.5752 0.0000e+00
     43.000  121.79792   25.20580    24.2445    33.8741    22.7197     6.5600 0.0000e+00
     44.000  121.79792   25.20580    24.0768    33.8698    22.7661     6.5346 0.0000e+00
     45.000  121.79792   25.20580    23.9014    33.8744    22.8213     6.4704 0.0000e+00
     46.000  121.79790   25.20580    23.8688    33.8739    22.8305     6.3999 0.0000e+00
     47.000  121.79790   25.20580    23.8135    33.8735    22.8464     6.4094 0.0000e+00
     48.000  121.79790   25.20580    23.7749    33.8694    22.8548     6.4007 0.0000e+00
     49.000  121.79790   25.20579    23.5824    33.8754    22.9155     6.3899 0.0000e+00
     50.000  121.79790   25.20578    23.4487    33.8845    22.9614     6.3449 0.0000e+00
     51.000  121.79790   25.20578    23.2414    33.9010    23.0339     6.3284 0.0000e+00
     52.000  121.79788   25.20580    22.7640    33.9494    23.2074     6.3537 0.0000e+00
     53.000  121.79790   25.20580    22.4468    33.9853    23.3246     6.2784 0.0000e+00
     54.000  121.79788   25.20579    22.1446    34.0032    23.4231     6.2203 0.0000e+00
     55.000  121.79788   25.20578    21.8793    34.0269    23.5152     6.2317 0.0000e+00
     56.000  121.79788   25.20578    21.5398    34.0615    23.6352     6.2126 0.0000e+00
     57.000  121.79786   25.20580    21.1805    34.1040    23.7659     6.1907 0.0000e+00
     58.000  121.79786   25.20580    20.3592    34.1740    24.0394     6.2066 0.0000e+00
     59.000  121.79788   25.20578    19.8536    34.2189    24.2071     6.0659 0.0000e+00
     60.000  121.79786   25.20580    19.6472    34.2231    24.2641     5.9360 0.0000e+00
     61.000  121.79786   25.20579    19.4057    34.2377    24.3377     5.9827 0.0000e+00
     62.000  121.79786   25.20578    19.2647    34.2492    24.3827     5.9418 0.0000e+00
     63.000  121.79786   25.20578    19.1158    34.2583    24.4278     5.8988 0.0000e+00
     64.000  121.79786   25.20578    18.9915    34.2693    24.4678     5.9003 0.0000e+00
     65.000  121.79786   25.20578    18.9722    34.2682    24.4719     5.8804 0.0000e+00
     66.000  121.79786   25.20578    18.8972    34.2723    24.4941     5.8655 0.0000e+00
     67.000  121.79786   25.20579    18.8349    34.2735    24.5108     5.8423 0.0000e+00
     68.000  121.79785   25.20578    18.8178    34.2710    24.5132     5.8547 0.0000e+00
     69.000  121.79784   25.20578    18.6607    34.2841    24.5628     5.8617 0.0000e+00
     70.000  121.79784   25.20579    18.5448    34.2945    24.5998     5.8465 0.0000e+00
     71.000  121.79784   25.20580    18.4914    34.2965    24.6147     5.8101 0.0000e+00
     72.000  121.79784   25.20580    18.4680    34.2958    24.6201     5.8071 0.0000e+00
     73.000  121.79784   25.20580    18.4644    34.2953    24.6207     5.8123 0.0000e+00
     74.000  121.79784   25.20580    18.4647    34.2941    24.6197     5.7958 0.0000e+00
     75.000  121.79784   25.20578    18.4653    34.2919    24.6179     5.8068 0.0000e+00
     76.000  121.79783   25.20579    18.4572    34.2917    24.6198     5.7928 0.0000e+00
     77.000  121.79782   25.20580    18.4179    34.2931    24.6307     5.7824 0.0000e+00
     78.000  121.79782   25.20580    18.3220    34.3017    24.6611     5.7972 0.0000e+00
     79.000  121.79782   25.20580    18.2235    34.3104    24.6922     5.7722 0.0000e+00
     80.000  121.79782   25.20580    18.1970    34.3115    24.6997     5.7602 0.0000e+00
     81.000  121.79782   25.20580    18.1564    34.3148    24.7122     5.7697 0.0000e+00
     82.000  121.79782   25.20579    18.0828    34.3224    24.7362     5.7745 0.0000e+00
     83.000  121.79782   25.20579    18.0162    34.3284    24.7572     5.7649 0.0000e+00
     84.000  121.79781   25.20580    18.0040    34.3287    24.7605     5.7645 0.0000e+00
     85.000  121.79780   25.20580    18.0260    34.3249    24.7522     5.7545 0.0000e+00
     86.000  121.79780   25.20580    17.9952    34.3277    24.7619     5.7481 0.0000e+00
     87.000  121.79780   25.20580    17.9676    34.3309    24.7712     5.7458 0.0000e+00
     88.000  121.79780   25.20580    17.9620    34.3301    24.7720     5.7477 0.0000e+00
     89.000  121.79780   25.20579    17.9212    34.3335    24.7847     5.7514 0.0000e+00
     90.000  121.79780   25.20580    17.8701    34.3392    24.8016     5.7583 0.0000e+00
     91.000  121.79780   25.20580    17.8378    34.3428    24.8122     5.7450 0.0000e+00
     92.000  121.79780   25.20580    17.8075    34.3455    24.8217     5.7350 0.0000e+00
     93.000  121.79780   25.20580    17.7504    34.3494    24.8386     5.7446 0.0000e+00
     94.000  121.79778   25.20580    17.7198    34.3511    24.8474     5.7522 0.0000e+00
     95.000  121.79778   25.20580    17.7074    34.3519    24.8511     5.7328 0.0000e+00
     96.000  121.79778   25.20579    17.6803    34.3547    24.8599     5.7254 0.0000e+00
     97.000  121.79778   25.20578    17.6517    34.3582    24.8695     5.7340 0.0000e+00
     98.000  121.79778   25.20578    17.6248    34.3603    24.8777     5.7348 0.0000e+00
     99.000  121.79778   25.20579    17.5277    34.3681    24.9071     5.7389 0.0000e+00
    100.000  121.79778   25.20580    17.4706    34.3718    24.9238     5.7319 0.0000e+00
    101.000  121.79778   25.20580    17.4324    34.3731    24.9340     5.7203 0.0000e+00
    102.000  121.79777   25.20580    17.3212    34.3822    24.9677     5.7353 0.0000e+00
    103.000  121.79776   25.20579    17.3380    34.3798    24.9618     5.7095 0.0000e+00
    104.000  121.79776   25.20578    17.2786    34.3835    24.9789     5.7000 0.0000e+00
    105.000  121.79776   25.20578    17.1999    34.3890    25.0019     5.6988 0.0000e+00
    106.000  121.79776   25.20578    17.1230    34.3948    25.0247     5.7021 0.0000e+00
    107.000  121.79776   25.20578    17.1139    34.3938    25.0262     5.6802 0.0000e+00
    108.000  121.79776   25.20578    17.1099    34.3934    25.0269     5.6882 0.0000e+00
    109.000  121.79775   25.20578    17.1079    34.3931    25.0271     5.6823 0.0000e+00
    110.000  121.79774   25.20578    17.1077    34.3925    25.0267     5.6822 0.0000e+00
    111.000  121.79774   25.20578    17.1090    34.3919    25.0260     5.6653 0.0000e+00
    112.000  121.79774   25.20578    17.0998    34.3916    25.0280     5.6881 0.0000e+00
    113.000  121.79774   25.20578    17.0561    34.3939    25.0402     5.6854 0.0000e+00
    114.000  121.79774   25.20580    16.9885    34.3986    25.0599     5.6636 0.0000e+00
    115.000  121.79774   25.20578    16.9318    34.4026    25.0763     5.6611 0.0000e+00
    116.000  121.79774   25.20578    16.9132    34.4025    25.0806     5.6483 0.0000e+00
    117.000  121.79774   25.20578    16.9157    34.4017    25.0795     5.6508 0.0000e+00
    118.000  121.79772   25.20578    16.9144    34.4012    25.0795     5.6420 0.0000e+00
    119.000  121.79772   25.20578    16.9007    34.4018    25.0832     5.6357 0.0000e+00
    120.000  121.79772   25.20578    16.8903    34.4024    25.0861     5.6419 0.0000e+00
    121.000  121.79770   25.20578    16.8924    34.4004    25.0841     5.6570 0.0000e+00
    120.000  121.79770   25.20578    16.8936    34.4004    25.0839     5.6433 0.0000e+00
    119.000  121.79770   25.20578    16.9013    34.3994    25.0813     5.6423 0.0000e+00
    118.000  121.79770   25.20578    16.9070    34.3986    25.0793     5.6499 0.0000e+00
    117.000  121.79770   25.20578    16.9112    34.3984    25.0780     5.6433 0.0000e+00
    116.000  121.79770   25.20578    16.9143    34.3979    25.0769     5.6479 0.0000e+00
    115.000  121.79770   25.20578    16.9363    34.3966    25.0707     5.6524 0.0000e+00
    114.000  121.79769   25.20578    16.9806    34.3936    25.0579     5.6452 0.0000e+00
    113.000  121.79768   25.20578    17.0380    34.3900    25.0415     5.6479 0.0000e+00
    112.000  121.79768   25.20578    17.0829    34.3869    25.0284     5.6639 0.0000e+00
    111.000  121.79768   25.20578    17.0943    34.3869    25.0256     5.6591 0.0000e+00
    110.000  121.79768   25.20578    17.1034    34.3863    25.0230     5.6691 0.0000e+00
    109.000  121.79768   25.20578    17.1053    34.3864    25.0226     5.6753 0.0000e+00
    108.000  121.79768   25.20578    17.1089    34.3867    25.0220     5.6722 0.0000e+00
    107.000  121.79768   25.20578    17.1095    34.3865    25.0216     5.6721 0.0000e+00
    106.000  121.79767   25.20578    17.1093    34.3865    25.0216     5.6722 0.0000e+00
    105.000  121.79766   25.20578    17.1156    34.3865    25.0201     5.6683 0.0000e+00
    104.000  121.79766   25.20578    17.1921    34.3812    24.9978     5.6698 0.0000e+00
    103.000  121.79766   25.20578    17.2228    34.3777    24.9878     5.6774 0.0000e+00
    102.000  121.79765   25.20578    17.2660    34.3755    24.9757     5.6883 0.0000e+00
    101.000  121.79766   25.20578    17.3846    34.3679    24.9415     5.6756 0.0000e+00
    100.000  121.79764   25.20578    17.4404    34.3624    24.9238     5.6763 0.0000e+00
     99.000  121.79764   25.20578    17.4946    34.3576    24.9070     5.6749 0.0000e+00
     98.000  121.79764   25.20578    17.5013    34.3583    24.9059     5.7044 0.0000e+00
     97.000  121.79764   25.20578    17.5215    34.3601    24.9024     5.7015 0.0000e+00
     96.000  121.79764   25.20578    17.6374    34.3481    24.8651     5.7111 0.0000e+00
     95.000  121.79764   25.20578    17.6770    34.3441    24.8525     5.7275 0.0000e+00
     94.000  121.79762   25.20578    17.7060    34.3415    24.8434     5.7225 0.0000e+00
     93.000  121.79762   25.20578    17.7120    34.3416    24.8420     5.7303 0.0000e+00
     92.000  121.79762   25.20578    17.7213    34.3414    24.8395     5.7285 0.0000e+00
     91.000  121.79762   25.20578    17.7525    34.3388    24.8300     5.7212 0.0000e+00
     90.000  121.79762   25.20578    17.7931    34.3360    24.8179     5.7445 0.0000e+00
     89.000  121.79762   25.20578    17.8591    34.3290    24.7964     5.7285 0.0000e+00
     88.000  121.79761   25.20578    17.8593    34.3290    24.7963     5.7401 0.0000e+00
     87.000  121.79760   25.20578    17.8752    34.3280    24.7916     5.7352 0.0000e+00
     86.000  121.79760   25.20578    17.8754    34.3283    24.7917     5.7389 0.0000e+00
     85.000  121.79760   25.20578    17.9056    34.3257    24.7824     5.7362 0.0000e+00
     84.000  121.79760   25.20577    17.9112    34.3250    24.7804     5.7382 0.0000e+00
     83.000  121.79758   25.20576    17.9298    34.3232    24.7744     5.7529 0.0000e+00
     82.000  121.79759   25.20576    17.9318    34.3233    24.7740     5.7513 0.0000e+00
     81.000  121.79758   25.20578    17.9418    34.3217    24.7702     5.7524 0.0000e+00
     80.000  121.79758   25.20577    17.9707    34.3208    24.7625     5.7373 0.0000e+00
     79.000  121.79758   25.20576    18.0871    34.3063    24.7227     5.7345 0.0000e+00
     78.000  121.79758   25.20576    18.1868    34.2978    24.6916     5.7292 0.0000e+00
     77.000  121.79758   25.20576    18.2512    34.2922    24.6714     5.7368 0.0000e+00
     76.000  121.79758   25.20576    18.2950    34.2878    24.6571     5.7567 0.0000e+00
     75.000  121.79757   25.20576    18.3408    34.2838    24.6427     5.7602 0.0000e+00
     74.000  121.79756   25.20576    18.4149    34.2776    24.6194     5.7628 0.0000e+00
     73.000  121.79756   25.20576    18.4455    34.2767    24.6111     5.7678 0.0000e+00
     72.000  121.79756   25.20576    18.4510    34.2766    24.6096     5.7813 0.0000e+00
     71.000  121.79755   25.20576    18.4583    34.2766    24.6078     5.7779 0.0000e+00
     70.000  121.79754   25.20576    18.4716    34.2763    24.6042     5.7754 0.0000e+00
     69.000  121.79754   25.20576    18.4856    34.2755    24.6000     5.7795 0.0000e+00
     68.000  121.79754   25.20576    18.5076    34.2741    24.5934     5.7872 0.0000e+00
     67.000  121.79754   25.20576    18.5738    34.2682    24.5723     5.7973 0.0000e+00
     66.000  121.79754   25.20576    18.6541    34.2650    24.5497     5.7812 0.0000e+00
     65.000  121.79754   25.20576    18.7611    34.2523    24.5131     5.7907 0.0000e+00
     64.000  121.79752   25.20576    18.7894    34.2509    24.5049     5.8185 0.0000e+00
     63.000  121.79752   25.20576    18.8595    34.2474    24.4844     5.8118 0.0000e+00
