CTD/s4-1.cnv
* Sea-Bird SBE 9 Data File:
* FileName = D:\ctddata\cr2381\4-1.hex
* Software Version Seasave V 7.20g
* Temperature SN = 6284
* Conductivity SN = 4751
* Number of Bytes Per Scan = 34
* Number of Voltage Words = 5
* Number of Scans Averaged by the Deck Unit = 1
* NMEA Latitude = 25 12.52 N
* NMEA Longitude = 121 46.89 E
* NMEA UTC (Time) = Oct 07 2019  02:53:49
** Ship: OR2
** Station: 4-1
** Operator: CR2381
# nquan = 8
# nvalues = 202                         
# units = specified
# name 0 = depSM: Depth [salt water, m]
# name 1 = longitude: Longitude [deg]
# name 2 = latitude: Latitude [deg]
# name 3 = t090C: Temperature [ITS-90, deg C]
# name 4 = sal00: Salinity, Practical [PSU]
# name 5 = sigma-é00: Density [sigma-theta, kg/m^3]
# name 6 = sbeox0Mg/L: Oxygen, SBE 43 [mg/l]
# name 7 = flag: flag
# span 0 =      1.000,    102.000       
# span 1 =  121.78101,  121.78158       
# span 2 =   25.20804,   25.20865       
# span 3 =    18.3495,    25.8376       
# span 4 =    33.7516,    34.2891       
# span 5 =    22.1469,    24.6457       
# span 6 =     5.7310,     6.8989       
# span 7 = 0.0000e+00, 0.0000e+00       
# interval = meters: 1                  
# start_time = Oct 07 2019 02:53:49 [NMEA time, header]
# bad_flag = -9.990e-29
*END*
      1.000  121.78158   25.20865    25.7930    33.7647    22.1658     6.8026 0.0000e+00
      2.000  121.78156   25.20864    25.7769    33.7643    22.1705     6.8110 0.0000e+00
      3.000  121.78156   25.20864    25.7732    33.7636    22.1711     6.8011 0.0000e+00
      4.000  121.78156   25.20864    25.7217    33.7592    22.1838     6.8177 0.0000e+00
      5.000  121.78156   25.20864    25.6916    33.7580    22.1922     6.8485 0.0000e+00
      6.000  121.78156   25.20864    25.6023    33.7538    22.2166     6.7944 0.0000e+00
      7.000  121.78156   25.20862    25.5484    33.7816    22.2542     6.7684 0.0000e+00
      8.000  121.78156   25.20862    25.5404    33.8031    22.2729     6.7569 0.0000e+00
      9.000  121.78156   25.20862    25.4516    33.8122    22.3070     6.8103 0.0000e+00
     10.000  121.78156   25.20862    25.3714    33.8142    22.3331     6.8464 0.0000e+00
     11.000  121.78156   25.20862    25.2452    33.8310    22.3843     6.7549 0.0000e+00
     12.000  121.78155   25.20861    25.1727    33.8394    22.4129     6.7753 0.0000e+00
     13.000  121.78154   25.20860    25.1830    33.8508    22.4184     6.7401 0.0000e+00
     14.000  121.78154   25.20860    25.1462    33.8526    22.4310     6.7029 0.0000e+00
     15.000  121.78155   25.20860    25.1251    33.8472    22.4333     6.7381 0.0000e+00
     16.000  121.78156   25.20860    25.1278    33.8481    22.4333     6.7499 0.0000e+00
     17.000  121.78154   25.20860    25.1251    33.8482    22.4343     6.7600 0.0000e+00
     18.000  121.78154   25.20860    25.0587    33.8438    22.4511     6.7743 0.0000e+00
     19.000  121.78154   25.20860    25.0440    33.8443    22.4560     6.7562 0.0000e+00
     20.000  121.78154   25.20860    24.9283    33.8373    22.4858     6.7172 0.0000e+00
     21.000  121.78154   25.20860    24.8834    33.8310    22.4946     6.6379 0.0000e+00
     22.000  121.78154   25.20858    24.8157    33.8280    22.5128     6.6717 0.0000e+00
     23.000  121.78152   25.20858    24.7773    33.8291    22.5252     6.6468 0.0000e+00
     24.000  121.78152   25.20858    24.7646    33.8307    22.5304     6.5906 0.0000e+00
     25.000  121.78153   25.20858    24.7551    33.8304    22.5330     6.5735 0.0000e+00
     26.000  121.78152   25.20858    24.6728    33.8297    22.5573     6.6076 0.0000e+00
     27.000  121.78152   25.20858    24.4425    33.8250    22.6226     6.6029 0.0000e+00
     28.000  121.78152   25.20856    24.2117    33.8286    22.6940     6.5338 0.0000e+00
     29.000  121.78152   25.20856    24.1215    33.8289    22.7209     6.3998 0.0000e+00
     30.000  121.78152   25.20856    23.9848    33.8351    22.7660     6.3766 0.0000e+00
     31.000  121.78152   25.20856    23.9231    33.8429    22.7901     6.3876 0.0000e+00
     32.000  121.78152   25.20856    23.8815    33.8475    22.8060     6.3529 0.0000e+00
     33.000  121.78152   25.20856    23.8295    33.8547    22.8267     6.3561 0.0000e+00
     34.000  121.78152   25.20856    23.8057    33.8612    22.8387     6.3706 0.0000e+00
     35.000  121.78152   25.20854    23.7197    33.8755    22.8747     6.3862 0.0000e+00
     36.000  121.78152   25.20854    23.4419    33.9010    22.9750     6.3953 0.0000e+00
     37.000  121.78152   25.20854    23.2329    33.9140    23.0454     6.3608 0.0000e+00
     38.000  121.78150   25.20854    22.9534    33.9312    23.1387     6.3429 0.0000e+00
     39.000  121.78150   25.20854    22.5917    33.9582    23.2624     6.3227 0.0000e+00
     40.000  121.78151   25.20854    22.5102    33.9601    23.2869     6.2196 0.0000e+00
     41.000  121.78150   25.20852    22.4264    33.9595    23.3101     6.1892 0.0000e+00
     42.000  121.78150   25.20852    22.2476    33.9776    23.3742     6.2114 0.0000e+00
     43.000  121.78150   25.20852    22.2494    33.9743    23.3713     6.1826 0.0000e+00
     44.000  121.78150   25.20852    22.2190    33.9740    23.3797     6.1554 0.0000e+00
     45.000  121.78150   25.20852    22.0648    33.9883    23.4337     6.1779 0.0000e+00
     46.000  121.78150   25.20852    21.8630    34.0062    23.5035     6.1521 0.0000e+00
     47.000  121.78148   25.20850    21.6735    34.0234    23.5691     6.1267 0.0000e+00
     48.000  121.78148   25.20850    21.6238    34.0267    23.5854     6.1072 0.0000e+00
     49.000  121.78148   25.20850    21.5977    34.0264    23.5923     6.0824 0.0000e+00
     50.000  121.78148   25.20850    21.5805    34.0258    23.5967     6.0777 0.0000e+00
     51.000  121.78148   25.20850    21.5512    34.0278    23.6063     6.0793 0.0000e+00
     52.000  121.78148   25.20850    21.5360    34.0276    23.6104     6.0829 0.0000e+00
     53.000  121.78148   25.20850    21.4003    34.0392    23.6565     6.0953 0.0000e+00
     54.000  121.78148   25.20848    21.1798    34.0640    23.7355     6.1011 0.0000e+00
     55.000  121.78148   25.20848    21.0534    34.0764    23.7793     6.0733 0.0000e+00
     56.000  121.78148   25.20848    20.9878    34.0799    23.7998     6.0251 0.0000e+00
     57.000  121.78148   25.20848    20.8055    34.0959    23.8612     6.0354 0.0000e+00
     58.000  121.78148   25.20848    20.7353    34.1024    23.8850     6.0116 0.0000e+00
     59.000  121.78146   25.20848    20.6522    34.1084    23.9119     5.9977 0.0000e+00
     60.000  121.78146   25.20847    20.3020    34.1424    24.0310     6.0279 0.0000e+00
     61.000  121.78146   25.20846    19.8287    34.1875    24.1897     6.0280 0.0000e+00
     62.000  121.78146   25.20846    19.4506    34.2233    24.3152     5.9643 0.0000e+00
     63.000  121.78146   25.20846    19.2276    34.2375    24.3833     5.8645 0.0000e+00
     64.000  121.78146   25.20846    18.9842    34.2571    24.4603     5.8810 0.0000e+00
     65.000  121.78146   25.20846    18.8590    34.2654    24.4984     5.8688 0.0000e+00
     66.000  121.78146   25.20845    18.8124    34.2670    24.5115     5.8321 0.0000e+00
     67.000  121.78146   25.20844    18.7981    34.2669    24.5150     5.8291 0.0000e+00
     68.000  121.78146   25.20844    18.7880    34.2660    24.5169     5.8220 0.0000e+00
     69.000  121.78146   25.20844    18.7761    34.2656    24.5197     5.8052 0.0000e+00
     70.000  121.78146   25.20844    18.7650    34.2649    24.5220     5.8075 0.0000e+00
     71.000  121.78146   25.20844    18.7586    34.2634    24.5224     5.8071 0.0000e+00
     72.000  121.78144   25.20843    18.7456    34.2632    24.5257     5.8055 0.0000e+00
     73.000  121.78144   25.20842    18.6791    34.2697    24.5474     5.8065 0.0000e+00
     74.000  121.78144   25.20842    18.6340    34.2739    24.5619     5.8186 0.0000e+00
     75.000  121.78144   25.20842    18.6188    34.2743    24.5661     5.8043 0.0000e+00
     76.000  121.78144   25.20842    18.5934    34.2755    24.5734     5.7842 0.0000e+00
     77.000  121.78144   25.20842    18.5893    34.2744    24.5736     5.7981 0.0000e+00
     78.000  121.78144   25.20842    18.5501    34.2772    24.5856     5.8005 0.0000e+00
     79.000  121.78142   25.20842    18.4993    34.2822    24.6022     5.7994 0.0000e+00
     80.000  121.78142   25.20840    18.4906    34.2823    24.6045     5.7925 0.0000e+00
     81.000  121.78142   25.20840    18.4887    34.2812    24.6042     5.7811 0.0000e+00
     82.000  121.78142   25.20840    18.4230    34.2882    24.6259     5.7733 0.0000e+00
     83.000  121.78142   25.20840    18.4219    34.2870    24.6253     5.7624 0.0000e+00
     84.000  121.78142   25.20840    18.4262    34.2857    24.6233     5.7621 0.0000e+00
     85.000  121.78142   25.20840    18.4209    34.2859    24.6248     5.7583 0.0000e+00
     86.000  121.78142   25.20840    18.4119    34.2862    24.6273     5.7601 0.0000e+00
     87.000  121.78142   25.20839    18.4068    34.2863    24.6287     5.7670 0.0000e+00
     88.000  121.78142   25.20838    18.4011    34.2868    24.6305     5.7676 0.0000e+00
     89.000  121.78142   25.20838    18.4005    34.2863    24.6304     5.7442 0.0000e+00
     90.000  121.78142   25.20838    18.4051    34.2855    24.6287     5.7635 0.0000e+00
     91.000  121.78142   25.20838    18.4038    34.2853    24.6288     5.7672 0.0000e+00
     92.000  121.78140   25.20838    18.4012    34.2853    24.6295     5.7691 0.0000e+00
     93.000  121.78140   25.20837    18.3977    34.2856    24.6307     5.7737 0.0000e+00
     94.000  121.78140   25.20836    18.3861    34.2871    24.6348     5.7628 0.0000e+00
     95.000  121.78140   25.20836    18.3860    34.2866    24.6345     5.7483 0.0000e+00
     96.000  121.78140   25.20836    18.3853    34.2861    24.6343     5.7664 0.0000e+00
     97.000  121.78140   25.20836    18.3858    34.2860    24.6341     5.7677 0.0000e+00
     98.000  121.78140   25.20836    18.3781    34.2866    24.6365     5.7498 0.0000e+00
     99.000  121.78138   25.20836    18.3690    34.2870    24.6392     5.7528 0.0000e+00
    100.000  121.78138   25.20835    18.3661    34.2871    24.6400     5.7655 0.0000e+00
    101.000  121.78138   25.20834    18.3495    34.2891    24.6457     5.7531 0.0000e+00
    102.000  121.78138   25.20834    18.3538    34.2878    24.6437     5.7310 0.0000e+00
    101.000  121.78138   25.20834    18.3500    34.2883    24.6450     5.7606 0.0000e+00
    100.000  121.78138   25.20834    18.3585    34.2877    24.6423     5.7648 0.0000e+00
     99.000  121.78138   25.20834    18.3687    34.2863    24.6387     5.7488 0.0000e+00
     98.000  121.78138   25.20832    18.3817    34.2847    24.6342     5.7592 0.0000e+00
     97.000  121.78138   25.20832    18.3843    34.2843    24.6332     5.7539 0.0000e+00
     96.000  121.78138   25.20832    18.3760    34.2854    24.6361     5.7444 0.0000e+00
     95.000  121.78136   25.20832    18.3907    34.2839    24.6313     5.7565 0.0000e+00
     94.000  121.78136   25.20832    18.3923    34.2832    24.6303     5.7644 0.0000e+00
     93.000  121.78136   25.20832    18.3881    34.2836    24.6316     5.7476 0.0000e+00
     92.000  121.78136   25.20831    18.3883    34.2838    24.6316     5.7548 0.0000e+00
     91.000  121.78136   25.20830    18.3931    34.2829    24.6296     5.7727 0.0000e+00
     90.000  121.78136   25.20830    18.3802    34.2839    24.6336     5.7579 0.0000e+00
     89.000  121.78136   25.20830    18.3785    34.2846    24.6345     5.7521 0.0000e+00
     88.000  121.78134   25.20830    18.3845    34.2835    24.6321     5.7581 0.0000e+00
     87.000  121.78134   25.20830    18.4064    34.2814    24.6250     5.7604 0.0000e+00
     86.000  121.78134   25.20828    18.4293    34.2793    24.6177     5.7561 0.0000e+00
     85.000  121.78134   25.20828    18.4491    34.2767    24.6107     5.7461 0.0000e+00
     84.000  121.78134   25.20828    18.4435    34.2781    24.6132     5.7736 0.0000e+00
     83.000  121.78133   25.20828    18.4762    34.2761    24.6035     5.7667 0.0000e+00
     82.000  121.78132   25.20828    18.5152    34.2710    24.5898     5.7682 0.0000e+00
     81.000  121.78132   25.20828    18.5398    34.2697    24.5826     5.7715 0.0000e+00
     80.000  121.78132   25.20828    18.5626    34.2662    24.5742     5.7816 0.0000e+00
     79.000  121.78132   25.20828    18.5516    34.2679    24.5782     5.7788 0.0000e+00
     78.000  121.78132   25.20826    18.5606    34.2672    24.5754     5.7721 0.0000e+00
     77.000  121.78130   25.20826    18.5989    34.2639    24.5632     5.7660 0.0000e+00
     76.000  121.78130   25.20826    18.6573    34.2580    24.5440     5.7638 0.0000e+00
     75.000  121.78130   25.20826    18.7152    34.2532    24.5258     5.7873 0.0000e+00
     74.000  121.78130   25.20826    18.7233    34.2523    24.5230     5.7962 0.0000e+00
     73.000  121.78130   25.20826    18.7235    34.2529    24.5233     5.7922 0.0000e+00
     72.000  121.78130   25.20824    18.7861    34.2473    24.5033     5.7846 0.0000e+00
     71.000  121.78128   25.20824    18.8296    34.2429    24.4889     5.7890 0.0000e+00
     70.000  121.78128   25.20824    18.8014    34.2495    24.5010     5.7999 0.0000e+00
     69.000  121.78128   25.20824    18.9721    34.2357    24.4473     5.7735 0.0000e+00
     68.000  121.78128   25.20824    19.1152    34.2194    24.3984     5.7700 0.0000e+00
     67.000  121.78128   25.20824    19.5712    34.1852    24.2550     5.7499 0.0000e+00
     66.000  121.78126   25.20822    20.1172    34.1256    24.0677     5.8695 0.0000e+00
     65.000  121.78126   25.20822    20.2876    34.1187    24.0171     5.8594 0.0000e+00
     64.000  121.78126   25.20822    20.5009    34.0983    23.9448     5.8984 0.0000e+00
     63.000  121.78126   25.20822    20.8024    34.0693    23.8421     5.9125 0.0000e+00
     62.000  121.78126   25.20822    20.9559    34.0547    23.7896     5.9621 0.0000e+00
     61.000  121.78125   25.20822    21.0234    34.0509    23.7684     5.9899 0.0000e+00
     60.000  121.78124   25.20820    21.0800    34.0481    23.7509     5.9985 0.0000e+00
     59.000  121.78124   25.20820    21.1583    34.0412    23.7243     6.0076 0.0000e+00
     58.000  121.78124   25.20820    21.2427    34.0332    23.6952     6.0147 0.0000e+00
     57.000  121.78124   25.20820    21.4375    34.0175    23.6299     6.0143 0.0000e+00
     56.000  121.78123   25.20820    21.7170    33.9872    23.5300     6.0028 0.0000e+00
     55.000  121.78122   25.20820    21.7354    33.9880    23.5255     6.0520 0.0000e+00
     54.000  121.78122   25.20819    21.7494    33.9895    23.5227     6.0727 0.0000e+00
     53.000  121.78122   25.20818    21.7621    33.9905    23.5199     6.0878 0.0000e+00
     52.000  121.78122   25.20818    21.7687    33.9904    23.5179     6.0837 0.0000e+00
     51.000  121.78122   25.20818    21.7770    33.9902    23.5155     6.0641 0.0000e+00
     50.000  121.78121   25.20818    21.8299    33.9862    23.4977     6.0624 0.0000e+00
     49.000  121.78120   25.20818    21.9075    33.9820    23.4729     6.0859 0.0000e+00
     48.000  121.78120   25.20818    22.0628    33.9682    23.4191     6.0562 0.0000e+00
     47.000  121.78120   25.20818    22.1220    33.9609    23.3970     6.0907 0.0000e+00
     46.000  121.78120   25.20817    22.1649    33.9577    23.3825     6.1042 0.0000e+00
     45.000  121.78120   25.20816    22.2217    33.9539    23.3637     6.1153 0.0000e+00
     44.000  121.78119   25.20816    22.2527    33.9519    23.3534     6.1242 0.0000e+00
     43.000  121.78118   25.20816    22.2898    33.9507    23.3420     6.1226 0.0000e+00
     42.000  121.78118   25.20816    22.3947    33.9417    23.3057     6.1149 0.0000e+00
     41.000  121.78118   25.20816    22.4475    33.9380    23.2879     6.1518 0.0000e+00
     40.000  121.78118   25.20816    22.5677    33.9350    23.2516     6.1426 0.0000e+00
     39.000  121.78117   25.20816    23.0492    33.9008    23.0882     6.1289 0.0000e+00
     38.000  121.78116   25.20815    23.2615    33.8854    23.0155     6.2596 0.0000e+00
     37.000  121.78116   25.20814    23.5185    33.8775    22.9350     6.2542 0.0000e+00
     36.000  121.78116   25.20814    23.7869    33.8449    22.8320     6.2640 0.0000e+00
     35.000  121.78116   25.20814    23.9022    33.8237    22.7820     6.3325 0.0000e+00
     34.000  121.78116   25.20814    23.9610    33.8159    22.7588     6.3463 0.0000e+00
     33.000  121.78116   25.20814    24.0226    33.8092    22.7355     6.3436 0.0000e+00
     32.000  121.78114   25.20814    24.1711    33.8122    22.6939     6.3321 0.0000e+00
     31.000  121.78114   25.20814    24.4007    33.8110    22.6247     6.3291 0.0000e+00
     30.000  121.78114   25.20813    24.6819    33.8070    22.5377     6.4306 0.0000e+00
     29.000  121.78114   25.20812    24.7318    33.8105    22.5253     6.5485 0.0000e+00
     28.000  121.78114   25.20812    24.7659    33.8091    22.5139     6.5609 0.0000e+00
     27.000  121.78113   25.20812    24.7881    33.8095    22.5074     6.5798 0.0000e+00
     26.000  121.78114   25.20812    24.7895    33.8057    22.5041     6.5773 0.0000e+00
     25.000  121.78114   25.20812    24.8067    33.8058    22.4990     6.5680 0.0000e+00
