CTD/s5-1.cnv
* Sea-Bird SBE 9 Data File:
* FileName = D:\ctddata\cr2381\5-1.hex
* Software Version Seasave V 7.20g
* Temperature SN = 6284
* Conductivity SN = 4751
* Number of Bytes Per Scan = 34
* Number of Voltage Words = 5
* Number of Scans Averaged by the Deck Unit = 1
* NMEA Latitude = 25 12.91 N
* NMEA Longitude = 121 46.99 E
* NMEA UTC (Time) = Oct 07 2019  03:06:03
** Ship: OR2
** Station: 5-1
** Operator: CR2381
# nquan = 8
# nvalues = 199                         
# units = specified
# name 0 = depSM: Depth [salt water, m]
# name 1 = longitude: Longitude [deg]
# name 2 = latitude: Latitude [deg]
# name 3 = t090C: Temperature [ITS-90, deg C]
# name 4 = sal00: Salinity, Practical [PSU]
# name 5 = sigma-é00: Density [sigma-theta, kg/m^3]
# name 6 = sbeox0Mg/L: Oxygen, SBE 43 [mg/l]
# name 7 = flag: flag
# span 0 =      1.000,    101.000       
# span 1 =  121.78266,  121.78332       
# span 2 =   25.21504,   25.21526       
# span 3 =    18.0398,    25.8725       
# span 4 =    33.7507,    34.3198       
# span 5 =    22.1551,    24.7457       
# span 6 =     5.7228,     6.9220       
# span 7 = 0.0000e+00, 0.0000e+00       
# interval = meters: 1                  
# start_time = Oct 07 2019 03:06:03 [NMEA time, header]
# bad_flag = -9.990e-29
*END*
      1.000  121.78332   25.21526    25.8725    33.7832    22.1551     6.9135 0.0000e+00
      2.000  121.78330   25.21526    25.8673    33.7837    22.1572     6.9145 0.0000e+00
      3.000  121.78330   25.21526    25.8247    33.7801    22.1677     6.8939 0.0000e+00
      4.000  121.78330   25.21526    25.7203    33.7705    22.1927     6.9220 0.0000e+00
      5.000  121.78330   25.21526    25.5215    33.7507    22.2390     6.8546 0.0000e+00
      6.000  121.78330   25.21526    25.5063    33.7873    22.2713     6.7268 0.0000e+00
      7.000  121.78330   25.21526    25.5616    33.8181    22.2777     6.6581 0.0000e+00
      8.000  121.78329   25.21526    25.5439    33.8252    22.2885     6.8318 0.0000e+00
      9.000  121.78328   25.21526    25.4870    33.8307    22.3102     6.9012 0.0000e+00
     10.000  121.78328   25.21526    25.4718    33.8323    22.3161     6.8787 0.0000e+00
     11.000  121.78328   25.21526    25.4382    33.8353    22.3287     6.8690 0.0000e+00
     12.000  121.78328   25.21526    25.3411    33.8438    22.3648     6.8864 0.0000e+00
     13.000  121.78328   25.21526    25.2277    33.8557    22.4084     6.8495 0.0000e+00
     14.000  121.78328   25.21526    24.9927    33.8833    22.5006     6.7911 0.0000e+00
     15.000  121.78328   25.21526    24.8895    33.8934    22.5395     6.7547 0.0000e+00
     16.000  121.78328   25.21526    24.8227    33.8939    22.5601     6.6994 0.0000e+00
     17.000  121.78326   25.21526    24.8121    33.8904    22.5607     6.6756 0.0000e+00
     18.000  121.78326   25.21526    24.7977    33.8865    22.5622     6.6765 0.0000e+00
     19.000  121.78326   25.21526    24.7957    33.8852    22.5619     6.6514 0.0000e+00
     20.000  121.78326   25.21526    24.7899    33.8829    22.5619     6.6465 0.0000e+00
     21.000  121.78326   25.21526    24.7826    33.8806    22.5624     6.6518 0.0000e+00
     22.000  121.78326   25.21526    24.7565    33.8742    22.5655     6.6614 0.0000e+00
     23.000  121.78326   25.21526    24.7163    33.8642    22.5701     6.6337 0.0000e+00
     24.000  121.78326   25.21526    24.7025    33.8599    22.5711     6.6125 0.0000e+00
     25.000  121.78325   25.21526    24.6871    33.8559    22.5728     6.5793 0.0000e+00
     26.000  121.78324   25.21526    24.6700    33.8527    22.5755     6.5987 0.0000e+00
     27.000  121.78324   25.21526    24.6576    33.8508    22.5779     6.5930 0.0000e+00
     28.000  121.78324   25.21526    24.6413    33.8491    22.5815     6.5664 0.0000e+00
     29.000  121.78324   25.21524    24.6135    33.8438    22.5859     6.5858 0.0000e+00
     30.000  121.78324   25.21524    24.4249    33.8407    22.6399     6.5795 0.0000e+00
     31.000  121.78322   25.21524    24.3239    33.8399    22.6695     6.5497 0.0000e+00
     32.000  121.78322   25.21524    24.2569    33.8388    22.6886     6.4869 0.0000e+00
     33.000  121.78322   25.21524    24.2451    33.8475    22.6987     6.4286 0.0000e+00
     34.000  121.78322   25.21524    24.2542    33.8512    22.6989     6.4436 0.0000e+00
     35.000  121.78322   25.21524    24.1659    33.8517    22.7255     6.5050 0.0000e+00
     36.000  121.78322   25.21524    23.9921    33.8582    22.7817     6.4909 0.0000e+00
     37.000  121.78322   25.21524    23.9438    33.8595    22.7971     6.4399 0.0000e+00
     38.000  121.78322   25.21524    23.8335    33.8636    22.8326     6.4063 0.0000e+00
     39.000  121.78322   25.21524    23.8238    33.8639    22.8357     6.3557 0.0000e+00
     40.000  121.78322   25.21524    23.7996    33.8631    22.8423     6.3596 0.0000e+00
     41.000  121.78321   25.21524    23.7787    33.8629    22.8483     6.3664 0.0000e+00
     42.000  121.78320   25.21524    23.7711    33.8619    22.8498     6.3661 0.0000e+00
     43.000  121.78320   25.21524    23.7227    33.8643    22.8658     6.3659 0.0000e+00
     44.000  121.78320   25.21524    23.6118    33.8764    22.9075     6.3731 0.0000e+00
     45.000  121.78320   25.21524    23.5738    33.8812    22.9222     6.3519 0.0000e+00
     46.000  121.78320   25.21524    23.4302    33.9001    22.9783     6.3310 0.0000e+00
     47.000  121.78320   25.21524    23.1850    33.9192    23.0636     6.3236 0.0000e+00
     48.000  121.78318   25.21524    22.2385    33.9804    23.3790     6.3444 0.0000e+00
     49.000  121.78318   25.21523    21.6349    34.0470    23.5978     6.2663 0.0000e+00
     50.000  121.78318   25.21522    21.5499    34.0501    23.6236     6.1468 0.0000e+00
     51.000  121.78318   25.21522    21.3098    34.0713    23.7055     6.0832 0.0000e+00
     52.000  121.78318   25.21524    21.2829    34.0697    23.7117     6.0529 0.0000e+00
     53.000  121.78318   25.21523    21.0937    34.0815    23.7722     6.1001 0.0000e+00
     54.000  121.78316   25.21522    20.9412    34.0936    23.8227     6.0746 0.0000e+00
     55.000  121.78316   25.21522    20.9258    34.0916    23.8254     6.0397 0.0000e+00
     56.000  121.78316   25.21522    20.7688    34.1052    23.8781     6.0447 0.0000e+00
     57.000  121.78316   25.21522    20.6597    34.1154    23.9151     6.0409 0.0000e+00
     58.000  121.78316   25.21522    20.5294    34.1258    23.9579     5.9953 0.0000e+00
     59.000  121.78316   25.21522    20.4547    34.1298    23.9809     5.9999 0.0000e+00
     60.000  121.78316   25.21522    20.4221    34.1311    23.9906     5.9905 0.0000e+00
     61.000  121.78316   25.21522    20.3414    34.1384    24.0176     5.9643 0.0000e+00
     62.000  121.78314   25.21522    20.1252    34.1572    24.0890     5.9768 0.0000e+00
     63.000  121.78314   25.21522    19.8215    34.1861    24.1907     5.9759 0.0000e+00
     64.000  121.78316   25.21522    19.5627    34.2098    24.2760     5.9524 0.0000e+00
     65.000  121.78314   25.21521    18.9403    34.2677    24.4795     5.9215 0.0000e+00
     66.000  121.78314   25.21520    18.7261    34.2809    24.5438     5.8110 0.0000e+00
     67.000  121.78314   25.21520    18.6532    34.2839    24.5645     5.8110 0.0000e+00
     68.000  121.78312   25.21520    18.6133    34.2867    24.5766     5.8164 0.0000e+00
     69.000  121.78312   25.21520    18.5900    34.2856    24.5817     5.8009 0.0000e+00
     70.000  121.78313   25.21520    18.5313    34.2879    24.5982     5.8038 0.0000e+00
     71.000  121.78312   25.21520    18.4637    34.2910    24.6175     5.7884 0.0000e+00
     72.000  121.78312   25.21520    18.4079    34.2969    24.6359     5.7871 0.0000e+00
     73.000  121.78312   25.21520    18.3968    34.2953    24.6374     5.7884 0.0000e+00
     74.000  121.78312   25.21520    18.3609    34.2983    24.6487     5.7858 0.0000e+00
     75.000  121.78312   25.21520    18.3734    34.2953    24.6434     5.7776 0.0000e+00
     76.000  121.78312   25.21520    18.3689    34.2943    24.6438     5.7729 0.0000e+00
     77.000  121.78312   25.21518    18.3672    34.2940    24.6440     5.7676 0.0000e+00
     78.000  121.78310   25.21520    18.3930    34.2901    24.6346     5.7610 0.0000e+00
     79.000  121.78310   25.21518    18.3374    34.2959    24.6530     5.7629 0.0000e+00
     80.000  121.78310   25.21518    18.2470    34.3046    24.6820     5.7693 0.0000e+00
     81.000  121.78310   25.21518    18.2447    34.3038    24.6820     5.7564 0.0000e+00
     82.000  121.78310   25.21518    18.2212    34.3065    24.6899     5.7527 0.0000e+00
     83.000  121.78310   25.21518    18.2188    34.3067    24.6907     5.7589 0.0000e+00
     84.000  121.78310   25.21518    18.1897    34.3087    24.6995     5.7514 0.0000e+00
     85.000  121.78310   25.21518    18.1926    34.3070    24.6975     5.7653 0.0000e+00
     86.000  121.78308   25.21516    18.1952    34.3064    24.6965     5.7565 0.0000e+00
     87.000  121.78308   25.21516    18.1571    34.3109    24.7094     5.7541 0.0000e+00
     88.000  121.78308   25.21516    18.1543    34.3104    24.7097     5.7461 0.0000e+00
     89.000  121.78308   25.21516    18.1551    34.3096    24.7090     5.7471 0.0000e+00
     90.000  121.78308   25.21516    18.1533    34.3094    24.7092     5.7454 0.0000e+00
     91.000  121.78308   25.21516    18.1509    34.3091    24.7097     5.7524 0.0000e+00
     92.000  121.78308   25.21516    18.1533    34.3082    24.7085     5.7671 0.0000e+00
     93.000  121.78306   25.21516    18.1519    34.3081    24.7088     5.7618 0.0000e+00
     94.000  121.78306   25.21516    18.1548    34.3076    24.7076     5.7544 0.0000e+00
     95.000  121.78306   25.21516    18.1522    34.3078    24.7085     5.7485 0.0000e+00
     96.000  121.78306   25.21516    18.1510    34.3076    24.7087     5.7381 0.0000e+00
     97.000  121.78306   25.21516    18.1513    34.3074    24.7085     5.7228 0.0000e+00
     98.000  121.78306   25.21516    18.1516    34.3069    24.7082     5.7343 0.0000e+00
     99.000  121.78306   25.21516    18.1514    34.3068    24.7082     5.7563 0.0000e+00
    100.000  121.78306   25.21514    18.1116    34.3113    24.7215     5.7569 0.0000e+00
    101.000  121.78306   25.21514    18.0398    34.3198    24.7457     5.7342 0.0000e+00
    100.000  121.78305   25.21514    18.1132    34.3106    24.7205     5.7488 0.0000e+00
     99.000  121.78304   25.21514    18.1209    34.3096    24.7177     5.7416 0.0000e+00
     98.000  121.78304   25.21514    18.1486    34.3057    24.7079     5.7457 0.0000e+00
     97.000  121.78304   25.21514    18.1552    34.3050    24.7058     5.7484 0.0000e+00
     96.000  121.78304   25.21514    18.1559    34.3052    24.7056     5.7540 0.0000e+00
     95.000  121.78304   25.21513    18.1638    34.3041    24.7028     5.7549 0.0000e+00
     94.000  121.78302   25.21514    18.1594    34.3047    24.7043     5.7513 0.0000e+00
     93.000  121.78302   25.21514    18.1725    34.3035    24.7002     5.7503 0.0000e+00
     92.000  121.78302   25.21514    18.1817    34.3023    24.6969     5.7563 0.0000e+00
     91.000  121.78302   25.21512    18.1822    34.3014    24.6961     5.7465 0.0000e+00
     90.000  121.78300   25.21512    18.1685    34.3035    24.7010     5.7443 0.0000e+00
     89.000  121.78300   25.21512    18.1587    34.3046    24.7042     5.7571 0.0000e+00
     88.000  121.78300   25.21512    18.1624    34.3041    24.7029     5.7503 0.0000e+00
     87.000  121.78300   25.21512    18.1778    34.3035    24.6986     5.7443 0.0000e+00
     86.000  121.78300   25.21512    18.2115    34.2985    24.6864     5.7539 0.0000e+00
     85.000  121.78300   25.21511    18.2169    34.2984    24.6850     5.7456 0.0000e+00
     84.000  121.78300   25.21510    18.2923    34.2891    24.6591     5.7446 0.0000e+00
     83.000  121.78300   25.21510    18.3205    34.2865    24.6501     5.7555 0.0000e+00
     82.000  121.78300   25.21510    18.3186    34.2871    24.6510     5.7489 0.0000e+00
     81.000  121.78298   25.21510    18.3153    34.2872    24.6518     5.7570 0.0000e+00
     80.000  121.78298   25.21510    18.3133    34.2880    24.6529     5.7606 0.0000e+00
     79.000  121.78298   25.21510    18.2971    34.2900    24.6584     5.7586 0.0000e+00
     78.000  121.78298   25.21510    18.2861    34.2909    24.6618     5.7631 0.0000e+00
     77.000  121.78297   25.21510    18.2857    34.2909    24.6619     5.7505 0.0000e+00
     76.000  121.78296   25.21510    18.2733    34.2923    24.6659     5.7502 0.0000e+00
     75.000  121.78296   25.21510    18.2720    34.2922    24.6662     5.7515 0.0000e+00
     74.000  121.78296   25.21510    18.2704    34.2923    24.6666     5.7480 0.0000e+00
     73.000  121.78296   25.21510    18.3129    34.2899    24.6541     5.7568 0.0000e+00
     72.000  121.78296   25.21510    18.3765    34.2802    24.6309     5.7567 0.0000e+00
     71.000  121.78295   25.21509    18.3887    34.2796    24.6274     5.7598 0.0000e+00
     70.000  121.78294   25.21508    18.4138    34.2795    24.6210     5.7570 0.0000e+00
     69.000  121.78294   25.21508    18.4737    34.2756    24.6030     5.7469 0.0000e+00
     68.000  121.78294   25.21508    18.6305    34.2607    24.5524     5.7336 0.0000e+00
     67.000  121.78293   25.21508    18.8478    34.2398    24.4817     5.7541 0.0000e+00
     66.000  121.78292   25.21508    19.0702    34.2287    24.4168     5.7956 0.0000e+00
     65.000  121.78292   25.21508    19.4306    34.1888    24.2941     5.7822 0.0000e+00
     64.000  121.78292   25.21508    19.7525    34.1696    24.1961     5.7955 0.0000e+00
     63.000  121.78292   25.21508    20.2929    34.1082    24.0075     5.8397 0.0000e+00
     62.000  121.78290   25.21508    20.4712    34.0975    23.9520     5.9484 0.0000e+00
     61.000  121.78290   25.21508    20.6402    34.0838    23.8965     5.9576 0.0000e+00
     60.000  121.78290   25.21508    20.7051    34.0814    23.8773     5.9667 0.0000e+00
     59.000  121.78290   25.21508    20.7609    34.0754    23.8577     5.9640 0.0000e+00
     58.000  121.78289   25.21508    20.8302    34.0712    23.8358     5.9828 0.0000e+00
     57.000  121.78288   25.21508    20.9116    34.0655    23.8094     5.9930 0.0000e+00
     56.000  121.78288   25.21508    20.9550    34.0637    23.7963     5.9892 0.0000e+00
     55.000  121.78288   25.21507    21.0422    34.0554    23.7664     5.9996 0.0000e+00
     54.000  121.78288   25.21507    21.0748    34.0550    23.7572     6.0152 0.0000e+00
     53.000  121.78288   25.21508    21.1670    34.0462    23.7255     6.0107 0.0000e+00
     52.000  121.78288   25.21506    21.2193    34.0412    23.7074     6.0203 0.0000e+00
     51.000  121.78286   25.21506    21.2707    34.0375    23.6905     6.0305 0.0000e+00
     50.000  121.78286   25.21506    21.3750    34.0282    23.6549     6.0273 0.0000e+00
     49.000  121.78286   25.21506    21.4594    34.0230    23.6277     6.0681 0.0000e+00
     48.000  121.78286   25.21506    22.0262    33.9730    23.4329     6.0159 0.0000e+00
     47.000  121.78284   25.21506    22.7003    33.9205    23.2032     5.9874 0.0000e+00
     46.000  121.78284   25.21506    23.2291    33.8756    23.0178     6.0917 0.0000e+00
     45.000  121.78284   25.21506    23.4303    33.8685    22.9543     6.2910 0.0000e+00
     44.000  121.78284   25.21506    23.5824    33.8562    22.9007     6.2878 0.0000e+00
     43.000  121.78284   25.21506    23.6402    33.8517    22.8805     6.2894 0.0000e+00
     42.000  121.78284   25.21506    23.7116    33.8455    22.8548     6.3006 0.0000e+00
     41.000  121.78282   25.21506    23.7641    33.8445    22.8386     6.3321 0.0000e+00
     40.000  121.78282   25.21506    23.8375    33.8416    22.8149     6.3452 0.0000e+00
     39.000  121.78282   25.21506    23.8641    33.8429    22.8080     6.3615 0.0000e+00
     38.000  121.78280   25.21506    23.9471    33.8430    22.7836     6.3532 0.0000e+00
     37.000  121.78280   25.21506    24.0434    33.8429    22.7552     6.3860 0.0000e+00
     36.000  121.78280   25.21506    24.1129    33.8423    22.7341     6.3934 0.0000e+00
     35.000  121.78280   25.21506    24.2515    33.8391    22.6906     6.4086 0.0000e+00
     34.000  121.78280   25.21506    24.2607    33.8425    22.6904     6.4602 0.0000e+00
     33.000  121.78279   25.21506    24.2860    33.8310    22.6741     6.4687 0.0000e+00
     32.000  121.78278   25.21506    24.2667    33.8186    22.6704     6.4419 0.0000e+00
     31.000  121.78278   25.21506    24.2821    33.8226    22.6688     6.4320 0.0000e+00
     30.000  121.78278   25.21506    24.4290    33.8210    22.6238     6.4248 0.0000e+00
     29.000  121.78278   25.21506    24.5290    33.8217    22.5945     6.4220 0.0000e+00
     28.000  121.78278   25.21506    24.6464    33.8317    22.5669     6.5362 0.0000e+00
     27.000  121.78278   25.21506    24.6597    33.8357    22.5658     6.5699 0.0000e+00
     26.000  121.78276   25.21506    24.6861    33.8414    22.5622     6.5592 0.0000e+00
     25.000  121.78276   25.21506    24.7459    33.8590    22.5575     6.6025 0.0000e+00
     24.000  121.78276   25.21506    24.7909    33.8698    22.5520     6.6239 0.0000e+00
     23.000  121.78276   25.21506    24.8061    33.8717    22.5488     6.6485 0.0000e+00
