CTD/s6-1.cnv
* Sea-Bird SBE 9 Data File:
* FileName = D:\ctddata\cr2381\6-1.hex
* Software Version Seasave V 7.20g
* Temperature SN = 6284
* Conductivity SN = 4751
* Number of Bytes Per Scan = 34
* Number of Voltage Words = 5
* Number of Scans Averaged by the Deck Unit = 1
* NMEA Latitude = 25 12.52 N
* NMEA Longitude = 121 46.42 E
* NMEA UTC (Time) = Oct 07 2019  03:18:46
** Ship: OR2
** Station: 6-1
** Operator: CR2381
# nquan = 8
# nvalues = 181                         
# units = specified
# name 0 = depSM: Depth [salt water, m]
# name 1 = longitude: Longitude [deg]
# name 2 = latitude: Latitude [deg]
# name 3 = t090C: Temperature [ITS-90, deg C]
# name 4 = sal00: Salinity, Practical [PSU]
# name 5 = sigma-é00: Density [sigma-theta, kg/m^3]
# name 6 = sbeox0Mg/L: Oxygen, SBE 43 [mg/l]
# name 7 = flag: flag
# span 0 =      2.000,     92.000       
# span 1 =  121.77318,  121.77371       
# span 2 =   25.20789,   25.20883       
# span 3 =    18.2957,    25.8771       
# span 4 =    33.7360,    34.3012       
# span 5 =    22.1346,    24.6644       
# span 6 =     5.6981,     6.9399       
# span 7 = 0.0000e+00, 0.0000e+00       
# interval = meters: 1                  
# start_time = Oct 07 2019 03:18:46 [NMEA time, header]
# bad_flag = -9.990e-29
*END*
      2.000  121.77371   25.20883    25.7849    33.7439    22.1527     6.8167 0.0000e+00
      3.000  121.77368   25.20877    25.7638    33.7455    22.1604     6.8432 0.0000e+00
      4.000  121.77368   25.20878    25.7652    33.7452    22.1598     6.8356 0.0000e+00
      5.000  121.77368   25.20877    25.7405    33.7468    22.1687     6.8479 0.0000e+00
      6.000  121.77368   25.20876    25.7262    33.7488    22.1747     6.8567 0.0000e+00
      7.000  121.77368   25.20876    25.7107    33.7497    22.1802     6.8517 0.0000e+00
      8.000  121.77368   25.20876    25.5777    33.7484    22.2202     6.8871 0.0000e+00
      9.000  121.77367   25.20874    25.4720    33.7509    22.2545     6.7949 0.0000e+00
     10.000  121.77366   25.20874    25.4049    33.7436    22.2696     6.7177 0.0000e+00
     11.000  121.77366   25.20874    25.2400    33.7360    22.3143     6.7332 0.0000e+00
     12.000  121.77366   25.20874    25.2278    33.7441    22.3242     6.6413 0.0000e+00
     13.000  121.77366   25.20873    25.1910    33.7453    22.3363     6.5843 0.0000e+00
     14.000  121.77366   25.20872    25.1613    33.7468    22.3465     6.5891 0.0000e+00
     15.000  121.77366   25.20872    25.1500    33.7530    22.3547     6.5644 0.0000e+00
     16.000  121.77366   25.20871    25.1505    33.7558    22.3567     6.5639 0.0000e+00
     17.000  121.77366   25.20870    25.1216    33.7570    22.3665     6.5753 0.0000e+00
     18.000  121.77366   25.20870    25.0693    33.7553    22.3811     6.5981 0.0000e+00
     19.000  121.77366   25.20870    24.9914    33.7554    22.4048     6.5863 0.0000e+00
     20.000  121.77364   25.20868    24.9763    33.7555    22.4095     6.5080 0.0000e+00
     21.000  121.77364   25.20868    24.9277    33.7555    22.4242     6.5035 0.0000e+00
     22.000  121.77364   25.20868    24.8568    33.7553    22.4455     6.5156 0.0000e+00
     23.000  121.77364   25.20868    24.7955    33.7601    22.4677     6.4773 0.0000e+00
     24.000  121.77364   25.20867    24.7004    33.7657    22.5006     6.4593 0.0000e+00
     25.000  121.77364   25.20866    24.6451    33.7666    22.5178     6.4518 0.0000e+00
     26.000  121.77364   25.20866    24.6276    33.7653    22.5221     6.4340 0.0000e+00
     27.000  121.77363   25.20866    24.5844    33.7654    22.5352     6.4248 0.0000e+00
     28.000  121.77362   25.20865    24.4922    33.7715    22.5674     6.3939 0.0000e+00
     29.000  121.77362   25.20864    24.4555    33.7735    22.5800     6.3790 0.0000e+00
     30.000  121.77362   25.20864    24.4135    33.7766    22.5949     6.3693 0.0000e+00
     31.000  121.77362   25.20864    24.3810    33.7800    22.6072     6.3568 0.0000e+00
     32.000  121.77362   25.20864    24.3287    33.7852    22.6267     6.3501 0.0000e+00
     33.000  121.77362   25.20862    24.2045    33.7971    22.6726     6.3559 0.0000e+00
     34.000  121.77360   25.20862    23.9015    33.8263    22.7841     6.3623 0.0000e+00
     35.000  121.77360   25.20862    23.2947    33.8845    23.0050     6.3713 0.0000e+00
     36.000  121.77360   25.20862    23.1008    33.8969    23.0704     6.2885 0.0000e+00
     37.000  121.77360   25.20861    23.0490    33.8957    23.0844     6.2079 0.0000e+00
     38.000  121.77360   25.20860    23.0126    33.8957    23.0949     6.1995 0.0000e+00
     39.000  121.77360   25.20860    22.9817    33.8979    23.1055     6.2311 0.0000e+00
     40.000  121.77360   25.20860    22.9681    33.8975    23.1091     6.2097 0.0000e+00
     41.000  121.77360   25.20860    22.9624    33.8964    23.1100     6.1922 0.0000e+00
     42.000  121.77360   25.20858    22.9592    33.8955    23.1103     6.1749 0.0000e+00
     43.000  121.77360   25.20858    22.9473    33.8957    23.1139     6.2115 0.0000e+00
     44.000  121.77359   25.20858    22.9325    33.8967    23.1190     6.2000 0.0000e+00
     45.000  121.77358   25.20858    22.9154    33.8980    23.1249     6.1998 0.0000e+00
     46.000  121.77358   25.20858    22.9060    33.8985    23.1280     6.1807 0.0000e+00
     47.000  121.77358   25.20856    22.9019    33.8984    23.1292     6.1748 0.0000e+00
     48.000  121.77358   25.20856    22.8837    33.8995    23.1353     6.1770 0.0000e+00
     49.000  121.77358   25.20856    22.8412    33.9035    23.1505     6.2064 0.0000e+00
     50.000  121.77358   25.20856    22.7797    33.9097    23.1728     6.2187 0.0000e+00
     51.000  121.77356   25.20856    22.6499    33.9251    23.2214     6.2000 0.0000e+00
     52.000  121.77356   25.20854    22.6141    33.9273    23.2333     6.1635 0.0000e+00
     53.000  121.77356   25.20854    22.5867    33.9297    23.2429     6.1664 0.0000e+00
     54.000  121.77356   25.20854    22.4912    33.9396    23.2775     6.1801 0.0000e+00
     55.000  121.77356   25.20854    22.3316    33.9574    23.3360     6.1552 0.0000e+00
     56.000  121.77356   25.20852    22.2128    33.9704    23.3793     6.1545 0.0000e+00
     57.000  121.77356   25.20852    22.1190    33.9814    23.4140     6.1387 0.0000e+00
     58.000  121.77356   25.20852    22.0825    33.9840    23.4262     6.0958 0.0000e+00
     59.000  121.77356   25.20852    22.0680    33.9838    23.4302     6.0693 0.0000e+00
     60.000  121.77356   25.20852    21.8785    33.9981    23.4936     6.1061 0.0000e+00
     61.000  121.77354   25.20851    20.8018    34.1088    23.8722     6.1542 0.0000e+00
     62.000  121.77354   25.20850    20.3105    34.1528    24.0369     6.0014 0.0000e+00
     63.000  121.77354   25.20850    20.2508    34.1536    24.0533     5.9056 0.0000e+00
     64.000  121.77354   25.20850    20.1829    34.1568    24.0737     5.9268 0.0000e+00
     65.000  121.77354   25.20849    20.0604    34.1657    24.1127     5.9457 0.0000e+00
     66.000  121.77354   25.20848    20.0368    34.1646    24.1182     5.9265 0.0000e+00
     67.000  121.77354   25.20848    19.9104    34.1756    24.1597     5.9387 0.0000e+00
     68.000  121.77354   25.20848    19.3340    34.2310    24.3511     5.9357 0.0000e+00
     69.000  121.77354   25.20848    19.0113    34.2582    24.4546     5.8562 0.0000e+00
     70.000  121.77353   25.20848    18.9635    34.2591    24.4674     5.8201 0.0000e+00
     71.000  121.77352   25.20848    18.8686    34.2659    24.4966     5.8200 0.0000e+00
     72.000  121.77352   25.20846    18.7972    34.2694    24.5174     5.8254 0.0000e+00
     73.000  121.77352   25.20846    18.6602    34.2798    24.5598     5.8145 0.0000e+00
     74.000  121.77352   25.20846    18.5794    34.2873    24.5858     5.8116 0.0000e+00
     75.000  121.77352   25.20846    18.4708    34.2950    24.6189     5.7843 0.0000e+00
     76.000  121.77352   25.20846    18.4071    34.2980    24.6371     5.7653 0.0000e+00
     77.000  121.77351   25.20845    18.3484    34.3012    24.6542     5.7707 0.0000e+00
     78.000  121.77350   25.20844    18.3364    34.3009    24.6569     5.7580 0.0000e+00
     79.000  121.77350   25.20844    18.3340    34.2999    24.6568     5.7562 0.0000e+00
     80.000  121.77350   25.20844    18.3330    34.2986    24.6561     5.7486 0.0000e+00
     81.000  121.77350   25.20844    18.3094    34.2998    24.6630     5.7526 0.0000e+00
     82.000  121.77350   25.20844    18.3027    34.2994    24.6644     5.7478 0.0000e+00
     83.000  121.77350   25.20842    18.3036    34.2984    24.6634     5.7468 0.0000e+00
     84.000  121.77350   25.20842    18.3097    34.2970    24.6608     5.7444 0.0000e+00
     85.000  121.77349   25.20842    18.3006    34.2978    24.6638     5.7492 0.0000e+00
     86.000  121.77348   25.20842    18.2991    34.2973    24.6638     5.7435 0.0000e+00
     87.000  121.77348   25.20841    18.2992    34.2965    24.6632     5.7267 0.0000e+00
     88.000  121.77348   25.20840    18.2957    34.2961    24.6638     5.7381 0.0000e+00
     89.000  121.77348   25.20840    18.2984    34.2954    24.6627     5.7317 0.0000e+00
     90.000  121.77348   25.20840    18.2989    34.2952    24.6624     5.7391 0.0000e+00
     91.000  121.77348   25.20840    18.2999    34.2947    24.6619     5.7285 0.0000e+00
     92.000  121.77348   25.20840    18.3022    34.2939    24.6606     5.6981 0.0000e+00
     91.000  121.77348   25.20840    18.2996    34.2939    24.6613     5.7363 0.0000e+00
     90.000  121.77348   25.20840    18.2977    34.2940    24.6618     5.7425 0.0000e+00
     89.000  121.77348   25.20838    18.2983    34.2935    24.6612     5.7356 0.0000e+00
     88.000  121.77346   25.20838    18.2997    34.2928    24.6603     5.7263 0.0000e+00
     87.000  121.77346   25.20838    18.3010    34.2925    24.6597     5.7390 0.0000e+00
     86.000  121.77346   25.20837    18.3025    34.2922    24.6591     5.7444 0.0000e+00
     85.000  121.77346   25.20836    18.3060    34.2914    24.6576     5.7461 0.0000e+00
     84.000  121.77346   25.20836    18.3068    34.2912    24.6572     5.7385 0.0000e+00
     83.000  121.77344   25.20836    18.3085    34.2907    24.6563     5.7324 0.0000e+00
     82.000  121.77344   25.20835    18.3090    34.2906    24.6561     5.7459 0.0000e+00
     81.000  121.77344   25.20834    18.3166    34.2898    24.6535     5.7507 0.0000e+00
     80.000  121.77344   25.20834    18.3096    34.2899    24.6553     5.7475 0.0000e+00
     79.000  121.77344   25.20834    18.3040    34.2908    24.6573     5.7435 0.0000e+00
     78.000  121.77344   25.20832    18.3350    34.2878    24.6473     5.7344 0.0000e+00
     77.000  121.77344   25.20832    18.3843    34.2822    24.6307     5.7388 0.0000e+00
     76.000  121.77344   25.20832    18.4756    34.2749    24.6024     5.7463 0.0000e+00
     75.000  121.77342   25.20832    18.5757    34.2653    24.5700     5.7381 0.0000e+00
     74.000  121.77342   25.20830    18.7079    34.2547    24.5287     5.7422 0.0000e+00
     73.000  121.77342   25.20830    18.7703    34.2488    24.5084     5.7616 0.0000e+00
     72.000  121.77342   25.20830    18.8820    34.2412    24.4744     5.7495 0.0000e+00
     71.000  121.77342   25.20830    18.9765    34.2294    24.4415     5.7541 0.0000e+00
     70.000  121.77340   25.20828    19.0273    34.2295    24.4286     5.7864 0.0000e+00
     69.000  121.77340   25.20828    19.2279    34.2166    24.3675     5.7727 0.0000e+00
     68.000  121.77340   25.20828    19.6020    34.1768    24.2408     5.7786 0.0000e+00
     67.000  121.77340   25.20828    20.0583    34.1305    24.0866     5.8368 0.0000e+00
     66.000  121.77340   25.20826    20.1792    34.1218    24.0480     5.8671 0.0000e+00
     65.000  121.77340   25.20826    20.2466    34.1178    24.0272     5.9015 0.0000e+00
     64.000  121.77340   25.20826    20.3194    34.1148    24.0056     5.8949 0.0000e+00
     63.000  121.77340   25.20826    20.6364    34.0861    23.8993     5.8749 0.0000e+00
     62.000  121.77338   25.20825    21.4039    34.0150    23.6372     5.8716 0.0000e+00
     61.000  121.77338   25.20824    22.0049    33.9582    23.4285     5.9781 0.0000e+00
     60.000  121.77338   25.20824    22.0729    33.9545    23.4066     6.0550 0.0000e+00
     59.000  121.77338   25.20824    22.1055    33.9553    23.3980     6.0891 0.0000e+00
     58.000  121.77338   25.20822    22.2654    33.9405    23.3420     6.0587 0.0000e+00
     57.000  121.77338   25.20822    22.4154    33.9238    23.2871     6.0892 0.0000e+00
     56.000  121.77338   25.20822    22.4543    33.9215    23.2743     6.0916 0.0000e+00
     55.000  121.77338   25.20821    22.4949    33.9195    23.2613     6.1083 0.0000e+00
     54.000  121.77336   25.20820    22.5540    33.9138    23.2402     6.1107 0.0000e+00
     53.000  121.77336   25.20820    22.6776    33.9012    23.1955     6.1269 0.0000e+00
     52.000  121.77336   25.20820    22.7901    33.8912    23.1559     6.1563 0.0000e+00
     51.000  121.77335   25.20818    22.8033    33.8920    23.1526     6.1616 0.0000e+00
     50.000  121.77334   25.20818    22.8232    33.8916    23.1466     6.1671 0.0000e+00
     49.000  121.77334   25.20818    22.8415    33.8906    23.1406     6.1732 0.0000e+00
     48.000  121.77334   25.20818    22.8777    33.8874    23.1278     6.1722 0.0000e+00
     47.000  121.77334   25.20816    22.9086    33.8849    23.1170     6.1882 0.0000e+00
     46.000  121.77334   25.20816    22.9192    33.8844    23.1136     6.1773 0.0000e+00
     45.000  121.77334   25.20816    22.9232    33.8847    23.1126     6.1758 0.0000e+00
     44.000  121.77334   25.20815    22.9365    33.8840    23.1082     6.1842 0.0000e+00
     43.000  121.77332   25.20814    22.9451    33.8836    23.1054     6.1747 0.0000e+00
     42.000  121.77332   25.20814    22.9604    33.8828    23.1003     6.1739 0.0000e+00
     41.000  121.77332   25.20814    22.9787    33.8810    23.0937     6.1966 0.0000e+00
     40.000  121.77332   25.20813    22.9950    33.8799    23.0881     6.1926 0.0000e+00
     39.000  121.77332   25.20812    23.0138    33.8788    23.0818     6.1767 0.0000e+00
     38.000  121.77332   25.20812    23.0192    33.8787    23.0801     6.2006 0.0000e+00
     37.000  121.77332   25.20812    23.0530    33.8757    23.0681     6.1864 0.0000e+00
     36.000  121.77330   25.20811    23.1144    33.8719    23.0475     6.1794 0.0000e+00
     35.000  121.77330   25.20810    23.1582    33.8708    23.0340     6.2017 0.0000e+00
     34.000  121.77330   25.20810    23.3351    33.8612    22.9757     6.1692 0.0000e+00
     33.000  121.77330   25.20810    24.0501    33.7934    22.7153     6.1478 0.0000e+00
     32.000  121.77329   25.20808    24.3450    33.7644    22.6062     6.2818 0.0000e+00
     31.000  121.77328   25.20808    24.4237    33.7607    22.5799     6.3278 0.0000e+00
     30.000  121.77328   25.20808    24.4502    33.7609    22.5721     6.3309 0.0000e+00
     29.000  121.77328   25.20808    24.4948    33.7588    22.5572     6.3424 0.0000e+00
     28.000  121.77328   25.20808    24.5935    33.7527    22.5229     6.3409 0.0000e+00
     27.000  121.77328   25.20807    24.6804    33.7492    22.4943     6.3957 0.0000e+00
     26.000  121.77328   25.20806    24.7004    33.7523    22.4905     6.3955 0.0000e+00
     25.000  121.77328   25.20806    24.7209    33.7503    22.4828     6.4126 0.0000e+00
     24.000  121.77326   25.20806    24.8056    33.7441    22.4526     6.4140 0.0000e+00
     23.000  121.77326   25.20804    24.8781    33.7436    22.4303     6.4287 0.0000e+00
     22.000  121.77324   25.20804    24.8978    33.7439    22.4245     6.4448 0.0000e+00
     21.000  121.77325   25.20802    24.9365    33.7406    22.4103     6.4459 0.0000e+00
     20.000  121.77324   25.20802    24.9796    33.7365    22.3942     6.4781 0.0000e+00
     19.000  121.77324   25.20802    24.9998    33.7374    22.3887     6.4844 0.0000e+00
     18.000  121.77324   25.20802    25.0120    33.7367    22.3844     6.5032 0.0000e+00
     17.000  121.77324   25.20800    25.0316    33.7374    22.3789     6.5043 0.0000e+00
     16.000  121.77324   25.20800    25.0711    33.7380    22.3673     6.4994 0.0000e+00
     15.000  121.77324   25.20800    25.1078    33.7402    22.3578     6.5181 0.0000e+00
     14.000  121.77322   25.20800    25.1805    33.7462    22.3402     6.5652 0.0000e+00
     13.000  121.77322   25.20798    25.2559    33.7375    22.3106     6.5908 0.0000e+00
     12.000  121.77322   25.20798    25.3298    33.7380    22.2885     6.6108 0.0000e+00
     11.000  121.77322   25.20798    25.4433    33.7450    22.2590     6.6382 0.0000e+00
     10.000  121.77322   25.20796    25.6609    33.7477    22.1942     6.7021 0.0000e+00
      9.000  121.77321   25.20796    25.7551    33.7507    22.1675     6.8892 0.0000e+00
      8.000  121.77320   25.20796    25.7570    33.7486    22.1652     6.9226 0.0000e+00
      7.000  121.77320   25.20794    25.7600    33.7461    22.1623     6.8856 0.0000e+00
      6.000  121.77318   25.20794    25.7986    33.7521    22.1548     6.8802 0.0000e+00
      5.000  121.77318   25.20793    25.8358    33.7547    22.1452     6.9103 0.0000e+00
      4.000  121.77318   25.20792    25.8497    33.7561    22.1420     6.9392 0.0000e+00
