CTD/s7-1.cnv
* Sea-Bird SBE 9 Data File:
* FileName = D:\ctddata\cr2381\7-1.hex
* Software Version Seasave V 7.20g
* Temperature SN = 6284
* Conductivity SN = 4751
* Number of Bytes Per Scan = 34
* Number of Voltage Words = 5
* Number of Scans Averaged by the Deck Unit = 1
* NMEA Latitude = 25 12.17 N
* NMEA Longitude = 121 46.04 E
* NMEA UTC (Time) = Oct 07 2019  03:29:45
** Ship: OR2
** Station: 7-1
** Operator: CR2381
# nquan = 8
# nvalues = 127                         
# units = specified
# name 0 = depSM: Depth [salt water, m]
# name 1 = longitude: Longitude [deg]
# name 2 = latitude: Latitude [deg]
# name 3 = t090C: Temperature [ITS-90, deg C]
# name 4 = sal00: Salinity, Practical [PSU]
# name 5 = sigma-é00: Density [sigma-theta, kg/m^3]
# name 6 = sbeox0Mg/L: Oxygen, SBE 43 [mg/l]
# name 7 = flag: flag
# span 0 =      1.000,     65.000       
# span 1 =  121.76668,  121.76740       
# span 2 =   25.20215,   25.20284       
# span 3 =    19.7268,    25.8591       
# span 4 =    33.7013,    34.2007       
# span 5 =    22.1189,    24.2270       
# span 6 =     5.8779,     6.8677       
# span 7 = 0.0000e+00, 0.0000e+00       
# interval = meters: 1                  
# start_time = Oct 07 2019 03:29:45 [NMEA time, header]
# bad_flag = -9.990e-29
*END*
      1.000  121.76740   25.20284    25.8591    33.7296    22.1189     6.8412 0.0000e+00
      2.000  121.76740   25.20284    25.8487    33.7283    22.1212     6.8402 0.0000e+00
      3.000  121.76740   25.20284    25.8137    33.7236    22.1285     6.8411 0.0000e+00
      4.000  121.76738   25.20282    25.7928    33.7211    22.1332     6.8448 0.0000e+00
      5.000  121.76738   25.20282    25.7730    33.7192    22.1379     6.8112 0.0000e+00
      6.000  121.76736   25.20282    25.7321    33.7131    22.1460     6.8191 0.0000e+00
      7.000  121.76736   25.20281    25.7230    33.7113    22.1475     6.7922 0.0000e+00
      8.000  121.76736   25.20280    25.7140    33.7096    22.1490     6.7942 0.0000e+00
      9.000  121.76736   25.20280    25.7138    33.7090    22.1487     6.7934 0.0000e+00
     10.000  121.76736   25.20280    25.7023    33.7089    22.1522     6.7987 0.0000e+00
     11.000  121.76734   25.20279    25.6750    33.7095    22.1612     6.7823 0.0000e+00
     12.000  121.76733   25.20278    25.6061    33.7129    22.1850     6.7870 0.0000e+00
     13.000  121.76732   25.20278    25.4011    33.7180    22.2516     6.7689 0.0000e+00
     14.000  121.76732   25.20278    25.1491    33.7233    22.3325     6.5550 0.0000e+00
     15.000  121.76732   25.20276    25.1039    33.7234    22.3463     6.4650 0.0000e+00
     16.000  121.76731   25.20276    25.0162    33.7289    22.3771     6.4455 0.0000e+00
     17.000  121.76730   25.20276    24.9073    33.7384    22.4172     6.4456 0.0000e+00
     18.000  121.76730   25.20275    24.8655    33.7397    22.4308     6.4368 0.0000e+00
     19.000  121.76730   25.20274    24.7505    33.7496    22.4730     6.4279 0.0000e+00
     20.000  121.76730   25.20274    24.5661    33.7651    22.5400     6.4153 0.0000e+00
     21.000  121.76728   25.20274    24.4949    33.7711    22.5659     6.3816 0.0000e+00
     22.000  121.76728   25.20273    24.3853    33.7786    22.6043     6.3682 0.0000e+00
     23.000  121.76726   25.20272    24.3210    33.7809    22.6252     6.3570 0.0000e+00
     24.000  121.76726   25.20272    24.1754    33.7931    22.6776     6.3717 0.0000e+00
     25.000  121.76726   25.20272    24.0600    33.8013    22.7180     6.3322 0.0000e+00
     26.000  121.76726   25.20272    24.0195    33.8016    22.7303     6.3094 0.0000e+00
     27.000  121.76724   25.20270    24.0140    33.8010    22.7315     6.2878 0.0000e+00
     28.000  121.76724   25.20270    24.0149    33.8000    22.7305     6.3129 0.0000e+00
     29.000  121.76723   25.20270    24.0195    33.7992    22.7286     6.3157 0.0000e+00
     30.000  121.76722   25.20270    24.0212    33.7986    22.7277     6.2933 0.0000e+00
     31.000  121.76722   25.20268    24.0226    33.7976    22.7266     6.2943 0.0000e+00
     32.000  121.76722   25.20268    24.0097    33.7978    22.7306     6.3086 0.0000e+00
     33.000  121.76722   25.20268    23.9978    33.7987    22.7349     6.3217 0.0000e+00
     34.000  121.76720   25.20268    23.9908    33.7994    22.7375     6.3164 0.0000e+00
     35.000  121.76720   25.20266    23.9906    33.7990    22.7374     6.3028 0.0000e+00
     36.000  121.76720   25.20267    23.9933    33.7986    22.7363     6.2978 0.0000e+00
     37.000  121.76720   25.20266    24.0058    33.7970    22.7315     6.2833 0.0000e+00
     38.000  121.76718   25.20264    23.8762    33.8123    22.7812     6.2945 0.0000e+00
     39.000  121.76718   25.20265    23.7136    33.8323    22.8441     6.2943 0.0000e+00
     40.000  121.76717   25.20264    23.6746    33.8340    22.8568     6.2812 0.0000e+00
     41.000  121.76716   25.20264    23.6437    33.8340    22.8658     6.2880 0.0000e+00
     42.000  121.76716   25.20262    23.6151    33.8352    22.8751     6.2770 0.0000e+00
     43.000  121.76716   25.20262    23.6166    33.8356    22.8751     6.2596 0.0000e+00
     44.000  121.76716   25.20262    23.6223    33.8366    22.8743     6.2616 0.0000e+00
     45.000  121.76715   25.20262    23.6117    33.8389    22.8791     6.2818 0.0000e+00
     46.000  121.76714   25.20262    23.6092    33.8394    22.8803     6.2557 0.0000e+00
     47.000  121.76714   25.20262    23.6084    33.8427    22.8831     6.2639 0.0000e+00
     48.000  121.76714   25.20262    23.6073    33.8466    22.8864     6.2570 0.0000e+00
     49.000  121.76712   25.20260    23.5776    33.8554    22.9018     6.2845 0.0000e+00
     50.000  121.76712   25.20260    23.5089    33.8628    22.9275     6.2999 0.0000e+00
     51.000  121.76712   25.20259    23.3891    33.8736    22.9705     6.2882 0.0000e+00
     52.000  121.76710   25.20260    22.9828    33.9064    23.1123     6.2791 0.0000e+00
     53.000  121.76710   25.20258    22.5810    33.9474    23.2580     6.2573 0.0000e+00
     54.000  121.76710   25.20258    22.4099    33.9605    23.3163     6.1908 0.0000e+00
     55.000  121.76710   25.20256    22.2388    33.9712    23.3726     6.1732 0.0000e+00
     56.000  121.76709   25.20256    21.9079    34.0036    23.4896     6.1854 0.0000e+00
     57.000  121.76708   25.20255    21.7689    34.0131    23.5354     6.1159 0.0000e+00
     58.000  121.76708   25.20254    21.5646    34.0316    23.6059     6.0940 0.0000e+00
     59.000  121.76708   25.20254    21.4353    34.0442    23.6510     6.0786 0.0000e+00
     60.000  121.76706   25.20254    21.2056    34.0644    23.7291     6.0665 0.0000e+00
     61.000  121.76706   25.20253    20.9777    34.0844    23.8062     6.0381 0.0000e+00
     62.000  121.76706   25.20252    20.9441    34.0865    23.8169     6.0015 0.0000e+00
     63.000  121.76706   25.20252    20.7215    34.1043    23.8903     6.0365 0.0000e+00
     64.000  121.76706   25.20252    20.1491    34.1617    24.0862     6.0316 0.0000e+00
     65.000  121.76703   25.20252    19.7268    34.2007    24.2270     5.8949 0.0000e+00
     64.000  121.76704   25.20250    20.0912    34.1568    24.0978     5.8779 0.0000e+00
     63.000  121.76704   25.20250    20.6981    34.0947    23.8894     5.8796 0.0000e+00
     62.000  121.76703   25.20250    21.0225    34.0641    23.7787     5.9704 0.0000e+00
     61.000  121.76702   25.20250    21.0899    34.0604    23.7576     6.0189 0.0000e+00
     60.000  121.76702   25.20248    21.2060    34.0465    23.7154     6.0033 0.0000e+00
     59.000  121.76700   25.20248    21.3212    34.0396    23.6787     6.0124 0.0000e+00
     58.000  121.76700   25.20248    21.6041    34.0144    23.5818     6.0144 0.0000e+00
     57.000  121.76700   25.20247    21.8418    33.9886    23.4966     6.0450 0.0000e+00
     56.000  121.76700   25.20246    21.9105    33.9838    23.4739     6.1013 0.0000e+00
     55.000  121.76698   25.20246    22.0053    33.9753    23.4409     6.0844 0.0000e+00
     54.000  121.76698   25.20245    22.1636    33.9630    23.3874     6.0941 0.0000e+00
     53.000  121.76698   25.20245    22.4659    33.9404    23.2851     6.0702 0.0000e+00
     52.000  121.76698   25.20244    22.8724    33.8976    23.1373     6.1735 0.0000e+00
     51.000  121.76697   25.20244    23.0199    33.8934    23.0918     6.1917 0.0000e+00
     50.000  121.76696   25.20243    23.4343    33.8538    22.9422     6.1785 0.0000e+00
     49.000  121.76695   25.20242    23.5939    33.8405    22.8858     6.2939 0.0000e+00
     48.000  121.76694   25.20242    23.6024    33.8393    22.8823     6.2449 0.0000e+00
     47.000  121.76694   25.20241    23.6301    33.8304    22.8674     6.2704 0.0000e+00
     46.000  121.76694   25.20242    23.6301    33.8304    22.8674     6.2786 0.0000e+00
     45.000  121.76694   25.20239    23.6302    33.8309    22.8677     6.2513 0.0000e+00
     44.000  121.76692   25.20240    23.6283    33.8301    22.8676     6.2673 0.0000e+00
     43.000  121.76692   25.20239    23.6313    33.8296    22.8663     6.2734 0.0000e+00
     42.000  121.76691   25.20238    23.6451    33.8297    22.8622     6.2807 0.0000e+00
     41.000  121.76690   25.20238    23.6918    33.8247    22.8448     6.2659 0.0000e+00
     40.000  121.76690   25.20238    23.7118    33.8231    22.8377     6.2649 0.0000e+00
     39.000  121.76690   25.20237    23.7407    33.8220    22.8283     6.2781 0.0000e+00
     38.000  121.76688   25.20235    23.8441    33.8108    22.7895     6.2824 0.0000e+00
     37.000  121.76688   25.20235    23.9486    33.7987    22.7497     6.2919 0.0000e+00
     36.000  121.76688   25.20234    23.9792    33.7948    22.7376     6.3104 0.0000e+00
     35.000  121.76688   25.20234    24.0059    33.7924    22.7278     6.2957 0.0000e+00
     34.000  121.76686   25.20234    24.0252    33.7908    22.7209     6.3122 0.0000e+00
     33.000  121.76686   25.20232    24.0414    33.7891    22.7148     6.3003 0.0000e+00
     32.000  121.76685   25.20231    24.0645    33.7875    22.7067     6.2982 0.0000e+00
     31.000  121.76684   25.20232    24.0668    33.7875    22.7059     6.3062 0.0000e+00
     30.000  121.76684   25.20231    24.0713    33.7878    22.7048     6.3168 0.0000e+00
     29.000  121.76684   25.20230    24.0788    33.7865    22.7015     6.2966 0.0000e+00
     28.000  121.76682   25.20230    24.0952    33.7852    22.6957     6.2942 0.0000e+00
     27.000  121.76682   25.20229    24.0836    33.7885    22.7015     6.3098 0.0000e+00
     26.000  121.76682   25.20228    24.0907    33.7888    22.6996     6.2987 0.0000e+00
     25.000  121.76682   25.20228    24.1094    33.7873    22.6929     6.3269 0.0000e+00
     24.000  121.76680   25.20227    24.1205    33.7860    22.6885     6.3089 0.0000e+00
     23.000  121.76680   25.20227    24.1302    33.7856    22.6853     6.3066 0.0000e+00
     22.000  121.76680   25.20226    24.1796    33.7840    22.6694     6.3207 0.0000e+00
     21.000  121.76678   25.20226    24.3099    33.7740    22.6231     6.3029 0.0000e+00
     20.000  121.76678   25.20225    24.4744    33.7602    22.5637     6.3268 0.0000e+00
     19.000  121.76678   25.20224    24.5550    33.7542    22.5351     6.3569 0.0000e+00
     18.000  121.76678   25.20224    24.8557    33.7288    22.4256     6.3762 0.0000e+00
     17.000  121.76676   25.20223    24.9726    33.7188    22.3827     6.3890 0.0000e+00
     16.000  121.76676   25.20222    25.0663    33.7105    22.3481     6.4087 0.0000e+00
     15.000  121.76675   25.20222    25.0999    33.7079    22.3358     6.4470 0.0000e+00
     14.000  121.76674   25.20222    25.2073    33.7114    22.3058     6.4280 0.0000e+00
     13.000  121.76674   25.20221    25.4121    33.7052    22.2386     6.4931 0.0000e+00
     12.000  121.76674   25.20220    25.5605    33.7024    22.1910     6.6010 0.0000e+00
     11.000  121.76672   25.20220    25.6765    33.7013    22.1545     6.7006 0.0000e+00
     10.000  121.76672   25.20220    25.7139    33.7026    22.1439     6.7732 0.0000e+00
      9.000  121.76672   25.20218    25.7361    33.7062    22.1397     6.8096 0.0000e+00
      8.000  121.76671   25.20218    25.7425    33.7074    22.1386     6.8165 0.0000e+00
      7.000  121.76670   25.20216    25.7509    33.7089    22.1371     6.8318 0.0000e+00
      6.000  121.76670   25.20217    25.7566    33.7098    22.1360     6.8354 0.0000e+00
      5.000  121.76669   25.20216    25.7877    33.7141    22.1295     6.8432 0.0000e+00
      4.000  121.76668   25.20216    25.8097    33.7169    22.1248     6.8635 0.0000e+00
      3.000  121.76668   25.20215    25.8342    33.7207    22.1200     6.8677 0.0000e+00
