CTD/s8-1.cnv
* Sea-Bird SBE 9 Data File:
* FileName = D:\ctddata\cr2381\8-1.hex
* Software Version Seasave V 7.20g
* Temperature SN = 6284
* Conductivity SN = 4751
* Number of Bytes Per Scan = 34
* Number of Voltage Words = 5
* Number of Scans Averaged by the Deck Unit = 1
* NMEA Latitude = 25 11.72 N
* NMEA Longitude = 121 45.80 E
* NMEA UTC (Time) = Oct 07 2019  03:40:08
** Ship: OR2
** Station: 8-1
** Operator: CR2381
# nquan = 8
# nvalues = 88                          
# units = specified
# name 0 = depSM: Depth [salt water, m]
# name 1 = longitude: Longitude [deg]
# name 2 = latitude: Latitude [deg]
# name 3 = t090C: Temperature [ITS-90, deg C]
# name 4 = sal00: Salinity, Practical [PSU]
# name 5 = sigma-é00: Density [sigma-theta, kg/m^3]
# name 6 = sbeox0Mg/L: Oxygen, SBE 43 [mg/l]
# name 7 = flag: flag
# span 0 =      1.000,     45.000       
# span 1 =  121.76298,  121.76345       
# span 2 =   25.19548,   25.19565       
# span 3 =    23.9007,    25.8960       
# span 4 =    33.6861,    33.8205       
# span 5 =    22.0946,    22.7807       
# span 6 =     6.2960,     6.8824       
# span 7 = 0.0000e+00, 0.0000e+00       
# interval = meters: 1                  
# start_time = Oct 07 2019 03:40:08 [NMEA time, header]
# bad_flag = -9.990e-29
*END*
      1.000  121.76345   25.19548    25.8960    33.7125    22.0946     6.8824 0.0000e+00
      2.000  121.76344   25.19548    25.8565    33.7120    22.1065     6.8792 0.0000e+00
      3.000  121.76344   25.19550    25.8258    33.7103    22.1148     6.8752 0.0000e+00
      4.000  121.76344   25.19550    25.8153    33.7094    22.1174     6.8500 0.0000e+00
      5.000  121.76343   25.19550    25.7898    33.7069    22.1234     6.8718 0.0000e+00
      6.000  121.76342   25.19550    25.7659    33.7026    22.1276     6.8636 0.0000e+00
      7.000  121.76342   25.19550    25.7251    33.6957    22.1351     6.8627 0.0000e+00
      8.000  121.76342   25.19550    25.6976    33.6924    22.1411     6.8288 0.0000e+00
      9.000  121.76341   25.19550    25.5775    33.6990    22.1830     6.8041 0.0000e+00
     10.000  121.76340   25.19550    25.4567    33.7084    22.2272     6.6742 0.0000e+00
     11.000  121.76340   25.19550    25.3239    33.7086    22.2680     6.5696 0.0000e+00
     12.000  121.76340   25.19550    25.1294    33.7223    22.3376     6.5070 0.0000e+00
     13.000  121.76340   25.19550    25.0535    33.7204    22.3592     6.4537 0.0000e+00
     14.000  121.76338   25.19550    25.0172    33.7122    22.3640     6.4672 0.0000e+00
     15.000  121.76338   25.19550    24.8967    33.7206    22.4068     6.4538 0.0000e+00
     16.000  121.76337   25.19550    24.7627    33.7447    22.4654     6.4189 0.0000e+00
     17.000  121.76336   25.19552    24.5737    33.7639    22.5367     6.4149 0.0000e+00
     18.000  121.76336   25.19552    24.4702    33.7721    22.5738     6.3793 0.0000e+00
     19.000  121.76336   25.19552    24.3924    33.7769    22.6007     6.3668 0.0000e+00
     20.000  121.76336   25.19552    24.3838    33.7763    22.6029     6.3578 0.0000e+00
     21.000  121.76334   25.19553    24.3721    33.7761    22.6063     6.3600 0.0000e+00
     22.000  121.76334   25.19554    24.3669    33.7754    22.6073     6.3544 0.0000e+00
     23.000  121.76334   25.19552    24.3545    33.7752    22.6110     6.3586 0.0000e+00
     24.000  121.76334   25.19553    24.3248    33.7759    22.6204     6.3690 0.0000e+00
     25.000  121.76334   25.19553    24.3212    33.7749    22.6207     6.3490 0.0000e+00
     26.000  121.76332   25.19552    24.3047    33.7747    22.6255     6.3582 0.0000e+00
     27.000  121.76332   25.19552    24.2822    33.7757    22.6330     6.3747 0.0000e+00
     28.000  121.76332   25.19552    24.2713    33.7783    22.6383     6.3386 0.0000e+00
     29.000  121.76331   25.19554    24.2670    33.7781    22.6395     6.3421 0.0000e+00
     30.000  121.76330   25.19554    24.2555    33.7791    22.6437     6.3568 0.0000e+00
     31.000  121.76330   25.19554    24.2385    33.7788    22.6486     6.3460 0.0000e+00
     32.000  121.76330   25.19554    24.2331    33.7783    22.6499     6.3236 0.0000e+00
     33.000  121.76330   25.19554    24.2195    33.7804    22.6556     6.3483 0.0000e+00
     34.000  121.76328   25.19554    24.1951    33.7838    22.6654     6.3425 0.0000e+00
     35.000  121.76328   25.19554    24.0968    33.7955    22.7034     6.3437 0.0000e+00
     36.000  121.76328   25.19554    24.0070    33.8084    22.7397     6.3314 0.0000e+00
     37.000  121.76328   25.19554    23.9469    33.8174    22.7642     6.3312 0.0000e+00
     38.000  121.76326   25.19554    23.9371    33.8176    22.7673     6.3253 0.0000e+00
     39.000  121.76326   25.19555    23.9430    33.8163    22.7647     6.3132 0.0000e+00
     40.000  121.76326   25.19556    23.9385    33.8168    22.7664     6.3097 0.0000e+00
     41.000  121.76326   25.19557    23.9379    33.8166    22.7665     6.3165 0.0000e+00
     42.000  121.76324   25.19556    23.9389    33.8162    22.7661     6.3264 0.0000e+00
     43.000  121.76324   25.19556    23.9176    33.8191    22.7746     6.3131 0.0000e+00
     44.000  121.76324   25.19556    23.9118    33.8196    22.7766     6.3043 0.0000e+00
     45.000  121.76322   25.19556    23.9007    33.8205    22.7807     6.3081 0.0000e+00
     44.000  121.76322   25.19557    23.9108    33.8191    22.7766     6.3082 0.0000e+00
     43.000  121.76322   25.19557    23.9162    33.8179    22.7740     6.3021 0.0000e+00
     42.000  121.76320   25.19558    23.9089    33.8190    22.7769     6.3147 0.0000e+00
     41.000  121.76320   25.19559    23.9114    33.8186    22.7758     6.3074 0.0000e+00
     40.000  121.76320   25.19558    23.9286    33.8157    22.7686     6.3132 0.0000e+00
     39.000  121.76318   25.19558    23.9337    33.8151    22.7665     6.2960 0.0000e+00
     38.000  121.76318   25.19558    23.9435    33.8135    22.7624     6.3163 0.0000e+00
     37.000  121.76318   25.19559    23.9419    33.8137    22.7629     6.3197 0.0000e+00
     36.000  121.76318   25.19560    23.9448    33.8135    22.7618     6.3164 0.0000e+00
     35.000  121.76318   25.19560    24.0086    33.8035    22.7354     6.2975 0.0000e+00
     34.000  121.76316   25.19560    24.0647    33.7945    22.7121     6.3191 0.0000e+00
     33.000  121.76315   25.19560    24.0985    33.7907    22.6992     6.3352 0.0000e+00
     32.000  121.76314   25.19560    24.1444    33.7875    22.6831     6.3230 0.0000e+00
     31.000  121.76314   25.19560    24.2035    33.7779    22.6583     6.3385 0.0000e+00
     30.000  121.76314   25.19560    24.2131    33.7772    22.6549     6.3449 0.0000e+00
     29.000  121.76313   25.19561    24.2264    33.7786    22.6519     6.3598 0.0000e+00
     28.000  121.76312   25.19562    24.2485    33.7779    22.6448     6.3394 0.0000e+00
     27.000  121.76312   25.19562    24.2495    33.7763    22.6432     6.3364 0.0000e+00
     26.000  121.76310   25.19562    24.2608    33.7748    22.6387     6.3352 0.0000e+00
     25.000  121.76310   25.19562    24.2622    33.7745    22.6380     6.3605 0.0000e+00
     24.000  121.76310   25.19562    24.2967    33.7744    22.6276     6.3423 0.0000e+00
     23.000  121.76310   25.19562    24.3217    33.7726    22.6187     6.3476 0.0000e+00
     22.000  121.76309   25.19562    24.3511    33.7699    22.6079     6.3531 0.0000e+00
     21.000  121.76308   25.19562    24.4053    33.7659    22.5887     6.3645 0.0000e+00
     20.000  121.76308   25.19562    24.4487    33.7632    22.5736     6.3770 0.0000e+00
     19.000  121.76308   25.19563    24.5781    33.7539    22.5279     6.3563 0.0000e+00
     18.000  121.76306   25.19564    24.7502    33.7349    22.4620     6.3745 0.0000e+00
     17.000  121.76306   25.19564    24.8764    33.7116    22.4063     6.3969 0.0000e+00
     16.000  121.76305   25.19564    25.0033    33.6966    22.3566     6.4220 0.0000e+00
     15.000  121.76304   25.19564    25.0822    33.7098    22.3426     6.4366 0.0000e+00
     14.000  121.76304   25.19564    25.1943    33.7085    22.3075     6.4568 0.0000e+00
     13.000  121.76304   25.19564    25.3136    33.7033    22.2673     6.4642 0.0000e+00
     12.000  121.76302   25.19564    25.4551    33.6987    22.2205     6.5169 0.0000e+00
     11.000  121.76302   25.19564    25.5541    33.6923    22.1853     6.6072 0.0000e+00
     10.000  121.76302   25.19564    25.5983    33.6871    22.1678     6.6802 0.0000e+00
      9.000  121.76301   25.19564    25.6376    33.6861    22.1549     6.7169 0.0000e+00
      8.000  121.76300   25.19564    25.7230    33.6897    22.1312     6.7403 0.0000e+00
      7.000  121.76300   25.19564    25.7514    33.6930    22.1250     6.8180 0.0000e+00
      6.000  121.76299   25.19565    25.7681    33.6970    22.1227     6.8212 0.0000e+00
      5.000  121.76298   25.19564    25.7929    33.7006    22.1177     6.8419 0.0000e+00
      4.000  121.76298   25.19564    25.8312    33.7051    22.1092     6.8686 0.0000e+00
      3.000  121.76298   25.19564    25.8484    33.7073    22.1055     6.8750 0.0000e+00
      2.000  121.76298   25.19564    25.8873    33.7102    22.0955     6.8820 0.0000e+00
